2018/09/05-16:54:14.985947 7f48b65de700                        Version: develop (open source)
2018/09/05-16:54:14.985965 7f48b65de700             Options.comparator: leveldb.InternalKeyComparator
2018/09/05-16:54:14.985968 7f48b65de700      Options.create_if_missing: 1
2018/09/05-16:54:14.985970 7f48b65de700        Options.error_if_exists: 0
2018/09/05-16:54:14.985972 7f48b65de700        Options.paranoid_checks: 0
2018/09/05-16:54:14.985974 7f48b65de700     Options.verify_compactions: 1
2018/09/05-16:54:14.985976 7f48b65de700                    Options.env: 0x7f48dc005df0
2018/09/05-16:54:14.985978 7f48b65de700               Options.info_log: 0x7f48d814cb70
2018/09/05-16:54:14.985980 7f48b65de700      Options.write_buffer_size: 62914560
2018/09/05-16:54:14.985981 7f48b65de700         Options.max_open_files: 1000
2018/09/05-16:54:14.985983 7f48b65de700            Options.block_cache: 0x7f48d814dbc0
2018/09/05-16:54:14.985985 7f48b65de700             Options.block_size: 4096
2018/09/05-16:54:14.985987 7f48b65de700       Options.block_size_steps: 16
2018/09/05-16:54:14.985989 7f48b65de700 Options.block_restart_interval: 16
2018/09/05-16:54:14.985991 7f48b65de700            Options.compression: 2
2018/09/05-16:54:14.985992 7f48b65de700          Options.filter_policy: NULL
2018/09/05-16:54:14.985994 7f48b65de700              Options.is_repair: false
2018/09/05-16:54:14.985996 7f48b65de700         Options.is_internal_db: false
2018/09/05-16:54:14.985998 7f48b65de700      Options.total_leveldb_mem: 1253465702
2018/09/05-16:54:14.986000 7f48b65de700  Options.block_cache_threshold: 33554432
2018/09/05-16:54:14.986002 7f48b65de700  Options.limited_developer_mem: false
2018/09/05-16:54:14.986004 7f48b65de700              Options.mmap_size: 0
2018/09/05-16:54:14.986005 7f48b65de700       Options.delete_threshold: 1000
2018/09/05-16:54:14.986007 7f48b65de700       Options.fadvise_willneed: false
2018/09/05-16:54:14.986009 7f48b65de700      Options.tiered_slow_level: 0
2018/09/05-16:54:14.986011 7f48b65de700     Options.tiered_fast_prefix: ./work/queue/12/2/message0
2018/09/05-16:54:14.986013 7f48b65de700     Options.tiered_slow_prefix: ./work/queue/12/2/message0
2018/09/05-16:54:14.986015 7f48b65de700                         crc32c: hardware
2018/09/05-16:54:14.986016 7f48b65de700   Options.cache_object_warming: true
2018/09/05-16:54:14.986018 7f48b65de700        Options.ExpiryActivated: false
2018/09/05-16:54:14.986020 7f48b65de700          Options.expiry_module: NULL
2018/09/05-16:54:14.986022 7f48b65de700                File cache size: 0
2018/09/05-16:54:14.986024 7f48b65de700               Block cache size: 0
2018/09/05-16:54:14.986103 7f48b65de700 Recovering log #5
2018/09/05-16:54:14.987375 7f48b65de700 Delete type=0 #5
2018/09/05-16:54:14.987398 7f48b65de700 Delete type=3 #4
