2018/09/05-16:54:15.040665 7f48b65de700                        Version: develop (open source)
2018/09/05-16:54:15.040683 7f48b65de700             Options.comparator: leveldb.InternalKeyComparator
2018/09/05-16:54:15.040686 7f48b65de700      Options.create_if_missing: 1
2018/09/05-16:54:15.040688 7f48b65de700        Options.error_if_exists: 0
2018/09/05-16:54:15.040690 7f48b65de700        Options.paranoid_checks: 0
2018/09/05-16:54:15.040692 7f48b65de700     Options.verify_compactions: 1
2018/09/05-16:54:15.040694 7f48b65de700                    Options.env: 0x7f48dc005df0
2018/09/05-16:54:15.040696 7f48b65de700               Options.info_log: 0x7f48d818cfe0
2018/09/05-16:54:15.040698 7f48b65de700      Options.write_buffer_size: 62914560
2018/09/05-16:54:15.040699 7f48b65de700         Options.max_open_files: 1000
2018/09/05-16:54:15.040701 7f48b65de700            Options.block_cache: 0x7f48d818e590
2018/09/05-16:54:15.040703 7f48b65de700             Options.block_size: 4096
2018/09/05-16:54:15.040705 7f48b65de700       Options.block_size_steps: 16
2018/09/05-16:54:15.040707 7f48b65de700 Options.block_restart_interval: 16
2018/09/05-16:54:15.040709 7f48b65de700            Options.compression: 2
2018/09/05-16:54:15.040711 7f48b65de700          Options.filter_policy: NULL
2018/09/05-16:54:15.040712 7f48b65de700              Options.is_repair: false
2018/09/05-16:54:15.040714 7f48b65de700         Options.is_internal_db: false
2018/09/05-16:54:15.040716 7f48b65de700      Options.total_leveldb_mem: 1253465702
2018/09/05-16:54:15.040718 7f48b65de700  Options.block_cache_threshold: 33554432
2018/09/05-16:54:15.040720 7f48b65de700  Options.limited_developer_mem: false
2018/09/05-16:54:15.040722 7f48b65de700              Options.mmap_size: 0
2018/09/05-16:54:15.040724 7f48b65de700       Options.delete_threshold: 1000
2018/09/05-16:54:15.040725 7f48b65de700       Options.fadvise_willneed: false
2018/09/05-16:54:15.040727 7f48b65de700      Options.tiered_slow_level: 0
2018/09/05-16:54:15.040729 7f48b65de700     Options.tiered_fast_prefix: ./work/queue/12/7/message2
2018/09/05-16:54:15.040731 7f48b65de700     Options.tiered_slow_prefix: ./work/queue/12/7/message2
2018/09/05-16:54:15.040733 7f48b65de700                         crc32c: hardware
2018/09/05-16:54:15.040735 7f48b65de700   Options.cache_object_warming: true
2018/09/05-16:54:15.040736 7f48b65de700        Options.ExpiryActivated: false
2018/09/05-16:54:15.040738 7f48b65de700          Options.expiry_module: NULL
2018/09/05-16:54:15.040740 7f48b65de700                File cache size: 0
2018/09/05-16:54:15.040742 7f48b65de700               Block cache size: 0
2018/09/05-16:54:15.040829 7f48b65de700 Recovering log #5
2018/09/05-16:54:15.042128 7f48b65de700 Delete type=0 #5
2018/09/05-16:54:15.042150 7f48b65de700 Delete type=3 #4
