2018/09/05-16:54:15.003815 7f48b65de700                        Version: develop (open source)
2018/09/05-16:54:15.003833 7f48b65de700             Options.comparator: leveldb.InternalKeyComparator
2018/09/05-16:54:15.003836 7f48b65de700      Options.create_if_missing: 1
2018/09/05-16:54:15.003838 7f48b65de700        Options.error_if_exists: 0
2018/09/05-16:54:15.003840 7f48b65de700        Options.paranoid_checks: 0
2018/09/05-16:54:15.003841 7f48b65de700     Options.verify_compactions: 1
2018/09/05-16:54:15.003843 7f48b65de700                    Options.env: 0x7f48dc005df0
2018/09/05-16:54:15.003845 7f48b65de700               Options.info_log: 0x7f48d8162020
2018/09/05-16:54:15.003847 7f48b65de700      Options.write_buffer_size: 62914560
2018/09/05-16:54:15.003849 7f48b65de700         Options.max_open_files: 1000
2018/09/05-16:54:15.003851 7f48b65de700            Options.block_cache: 0x7f48d81635d0
2018/09/05-16:54:15.003852 7f48b65de700             Options.block_size: 4096
2018/09/05-16:54:15.003854 7f48b65de700       Options.block_size_steps: 16
2018/09/05-16:54:15.003856 7f48b65de700 Options.block_restart_interval: 16
2018/09/05-16:54:15.003858 7f48b65de700            Options.compression: 2
2018/09/05-16:54:15.003860 7f48b65de700          Options.filter_policy: NULL
2018/09/05-16:54:15.003862 7f48b65de700              Options.is_repair: false
2018/09/05-16:54:15.003863 7f48b65de700         Options.is_internal_db: false
2018/09/05-16:54:15.003865 7f48b65de700      Options.total_leveldb_mem: 1253465702
2018/09/05-16:54:15.003867 7f48b65de700  Options.block_cache_threshold: 33554432
2018/09/05-16:54:15.003869 7f48b65de700  Options.limited_developer_mem: false
2018/09/05-16:54:15.003871 7f48b65de700              Options.mmap_size: 0
2018/09/05-16:54:15.003873 7f48b65de700       Options.delete_threshold: 1000
2018/09/05-16:54:15.003874 7f48b65de700       Options.fadvise_willneed: false
2018/09/05-16:54:15.003876 7f48b65de700      Options.tiered_slow_level: 0
2018/09/05-16:54:15.003878 7f48b65de700     Options.tiered_fast_prefix: ./work/queue/12/4/message2
2018/09/05-16:54:15.003880 7f48b65de700     Options.tiered_slow_prefix: ./work/queue/12/4/message2
2018/09/05-16:54:15.003882 7f48b65de700                         crc32c: hardware
2018/09/05-16:54:15.003884 7f48b65de700   Options.cache_object_warming: true
2018/09/05-16:54:15.003885 7f48b65de700        Options.ExpiryActivated: false
2018/09/05-16:54:15.003887 7f48b65de700          Options.expiry_module: NULL
2018/09/05-16:54:15.003889 7f48b65de700                File cache size: 0
2018/09/05-16:54:15.003891 7f48b65de700               Block cache size: 0
2018/09/05-16:54:15.003984 7f48b65de700 Recovering log #5
2018/09/05-16:54:15.005431 7f48b65de700 Delete type=0 #5
2018/09/05-16:54:15.005478 7f48b65de700 Delete type=3 #4
