2018/09/05-16:54:14.875610 7f48b65de700                        Version: develop (open source)
2018/09/05-16:54:14.875632 7f48b65de700             Options.comparator: leveldb.InternalKeyComparator
2018/09/05-16:54:14.875636 7f48b65de700      Options.create_if_missing: 1
2018/09/05-16:54:14.875638 7f48b65de700        Options.error_if_exists: 0
2018/09/05-16:54:14.875640 7f48b65de700        Options.paranoid_checks: 0
2018/09/05-16:54:14.875642 7f48b65de700     Options.verify_compactions: 1
2018/09/05-16:54:14.875643 7f48b65de700                    Options.env: 0x7f48dc005df0
2018/09/05-16:54:14.875645 7f48b65de700               Options.info_log: 0x7f48d80d2e80
2018/09/05-16:54:14.875647 7f48b65de700      Options.write_buffer_size: 62914560
2018/09/05-16:54:14.875649 7f48b65de700         Options.max_open_files: 1000
2018/09/05-16:54:14.875651 7f48b65de700            Options.block_cache: 0x7f48d80d4410
2018/09/05-16:54:14.875653 7f48b65de700             Options.block_size: 4096
2018/09/05-16:54:14.875655 7f48b65de700       Options.block_size_steps: 16
2018/09/05-16:54:14.875657 7f48b65de700 Options.block_restart_interval: 16
2018/09/05-16:54:14.875658 7f48b65de700            Options.compression: 2
2018/09/05-16:54:14.875660 7f48b65de700          Options.filter_policy: NULL
2018/09/05-16:54:14.875662 7f48b65de700              Options.is_repair: false
2018/09/05-16:54:14.875664 7f48b65de700         Options.is_internal_db: false
2018/09/05-16:54:14.875666 7f48b65de700      Options.total_leveldb_mem: 1253465702
2018/09/05-16:54:14.875668 7f48b65de700  Options.block_cache_threshold: 33554432
2018/09/05-16:54:14.875670 7f48b65de700  Options.limited_developer_mem: false
2018/09/05-16:54:14.875671 7f48b65de700              Options.mmap_size: 0
2018/09/05-16:54:14.875673 7f48b65de700       Options.delete_threshold: 1000
2018/09/05-16:54:14.875675 7f48b65de700       Options.fadvise_willneed: false
2018/09/05-16:54:14.875677 7f48b65de700      Options.tiered_slow_level: 0
2018/09/05-16:54:14.875679 7f48b65de700     Options.tiered_fast_prefix: ./work/queue/2/message3
2018/09/05-16:54:14.875681 7f48b65de700     Options.tiered_slow_prefix: ./work/queue/2/message3
2018/09/05-16:54:14.875683 7f48b65de700                         crc32c: hardware
2018/09/05-16:54:14.875685 7f48b65de700   Options.cache_object_warming: true
2018/09/05-16:54:14.875687 7f48b65de700        Options.ExpiryActivated: false
2018/09/05-16:54:14.875688 7f48b65de700          Options.expiry_module: NULL
2018/09/05-16:54:14.875692 7f48b65de700                File cache size: 0
2018/09/05-16:54:14.875696 7f48b65de700               Block cache size: 0
2018/09/05-16:54:14.875804 7f48b65de700 Recovering log #5
2018/09/05-16:54:14.877740 7f48b65de700 Delete type=0 #5
2018/09/05-16:54:14.877766 7f48b65de700 Delete type=3 #4
