2018/09/05-16:54:14.894169 7f48b65de700                        Version: develop (open source)
2018/09/05-16:54:14.894185 7f48b65de700             Options.comparator: leveldb.InternalKeyComparator
2018/09/05-16:54:14.894188 7f48b65de700      Options.create_if_missing: 1
2018/09/05-16:54:14.894190 7f48b65de700        Options.error_if_exists: 0
2018/09/05-16:54:14.894192 7f48b65de700        Options.paranoid_checks: 0
2018/09/05-16:54:14.894193 7f48b65de700     Options.verify_compactions: 1
2018/09/05-16:54:14.894195 7f48b65de700                    Options.env: 0x7f48dc005df0
2018/09/05-16:54:14.894197 7f48b65de700               Options.info_log: 0x7f48d80e4c70
2018/09/05-16:54:14.894199 7f48b65de700      Options.write_buffer_size: 62914560
2018/09/05-16:54:14.894201 7f48b65de700         Options.max_open_files: 1000
2018/09/05-16:54:14.894203 7f48b65de700            Options.block_cache: 0x7f48d80e6200
2018/09/05-16:54:14.894205 7f48b65de700             Options.block_size: 4096
2018/09/05-16:54:14.894206 7f48b65de700       Options.block_size_steps: 16
2018/09/05-16:54:14.894208 7f48b65de700 Options.block_restart_interval: 16
2018/09/05-16:54:14.894210 7f48b65de700            Options.compression: 2
2018/09/05-16:54:14.894212 7f48b65de700          Options.filter_policy: NULL
2018/09/05-16:54:14.894214 7f48b65de700              Options.is_repair: false
2018/09/05-16:54:14.894216 7f48b65de700         Options.is_internal_db: false
2018/09/05-16:54:14.894217 7f48b65de700      Options.total_leveldb_mem: 1253465702
2018/09/05-16:54:14.894219 7f48b65de700  Options.block_cache_threshold: 33554432
2018/09/05-16:54:14.894221 7f48b65de700  Options.limited_developer_mem: false
2018/09/05-16:54:14.894223 7f48b65de700              Options.mmap_size: 0
2018/09/05-16:54:14.894225 7f48b65de700       Options.delete_threshold: 1000
2018/09/05-16:54:14.894226 7f48b65de700       Options.fadvise_willneed: false
2018/09/05-16:54:14.894228 7f48b65de700      Options.tiered_slow_level: 0
2018/09/05-16:54:14.894230 7f48b65de700     Options.tiered_fast_prefix: ./work/queue/3/message2
2018/09/05-16:54:14.894232 7f48b65de700     Options.tiered_slow_prefix: ./work/queue/3/message2
2018/09/05-16:54:14.894234 7f48b65de700                         crc32c: hardware
2018/09/05-16:54:14.894236 7f48b65de700   Options.cache_object_warming: true
2018/09/05-16:54:14.894237 7f48b65de700        Options.ExpiryActivated: false
2018/09/05-16:54:14.894239 7f48b65de700          Options.expiry_module: NULL
2018/09/05-16:54:14.894241 7f48b65de700                File cache size: 0
2018/09/05-16:54:14.894243 7f48b65de700               Block cache size: 0
2018/09/05-16:54:14.894319 7f48b65de700 Recovering log #5
2018/09/05-16:54:14.895573 7f48b65de700 Delete type=0 #5
2018/09/05-16:54:14.895595 7f48b65de700 Delete type=3 #4
