2018/09/05-16:54:15.022864 7f48b65de700                        Version: develop (open source)
2018/09/05-16:54:15.022882 7f48b65de700             Options.comparator: leveldb.InternalKeyComparator
2018/09/05-16:54:15.022885 7f48b65de700      Options.create_if_missing: 1
2018/09/05-16:54:15.022887 7f48b65de700        Options.error_if_exists: 0
2018/09/05-16:54:15.022889 7f48b65de700        Options.paranoid_checks: 0
2018/09/05-16:54:15.022891 7f48b65de700     Options.verify_compactions: 1
2018/09/05-16:54:15.022893 7f48b65de700                    Options.env: 0x7f48dc005df0
2018/09/05-16:54:15.022895 7f48b65de700               Options.info_log: 0x7f48d8177b30
2018/09/05-16:54:15.022896 7f48b65de700      Options.write_buffer_size: 62914560
2018/09/05-16:54:15.022898 7f48b65de700         Options.max_open_files: 1000
2018/09/05-16:54:15.022900 7f48b65de700            Options.block_cache: 0x7f48d8178b80
2018/09/05-16:54:15.022902 7f48b65de700             Options.block_size: 4096
2018/09/05-16:54:15.022904 7f48b65de700       Options.block_size_steps: 16
2018/09/05-16:54:15.022906 7f48b65de700 Options.block_restart_interval: 16
2018/09/05-16:54:15.022908 7f48b65de700            Options.compression: 2
2018/09/05-16:54:15.022909 7f48b65de700          Options.filter_policy: NULL
2018/09/05-16:54:15.022911 7f48b65de700              Options.is_repair: false
2018/09/05-16:54:15.022913 7f48b65de700         Options.is_internal_db: false
2018/09/05-16:54:15.022915 7f48b65de700      Options.total_leveldb_mem: 1253465702
2018/09/05-16:54:15.022917 7f48b65de700  Options.block_cache_threshold: 33554432
2018/09/05-16:54:15.022919 7f48b65de700  Options.limited_developer_mem: false
2018/09/05-16:54:15.022920 7f48b65de700              Options.mmap_size: 0
2018/09/05-16:54:15.022922 7f48b65de700       Options.delete_threshold: 1000
2018/09/05-16:54:15.022924 7f48b65de700       Options.fadvise_willneed: false
2018/09/05-16:54:15.022926 7f48b65de700      Options.tiered_slow_level: 0
2018/09/05-16:54:15.022928 7f48b65de700     Options.tiered_fast_prefix: ./work/queue/12/5/message0
2018/09/05-16:54:15.022930 7f48b65de700     Options.tiered_slow_prefix: ./work/queue/12/5/message0
2018/09/05-16:54:15.022932 7f48b65de700                         crc32c: hardware
2018/09/05-16:54:15.022933 7f48b65de700   Options.cache_object_warming: true
2018/09/05-16:54:15.022935 7f48b65de700        Options.ExpiryActivated: false
2018/09/05-16:54:15.022937 7f48b65de700          Options.expiry_module: NULL
2018/09/05-16:54:15.022939 7f48b65de700                File cache size: 0
2018/09/05-16:54:15.022941 7f48b65de700               Block cache size: 0
2018/09/05-16:54:15.023052 7f48b65de700 Recovering log #5
2018/09/05-16:54:15.024300 7f48b65de700 Delete type=0 #5
2018/09/05-16:54:15.024322 7f48b65de700 Delete type=3 #4
