2018/09/05-16:54:14.907785 7f48b65de700                        Version: develop (open source)
2018/09/05-16:54:14.907802 7f48b65de700             Options.comparator: leveldb.InternalKeyComparator
2018/09/05-16:54:14.907805 7f48b65de700      Options.create_if_missing: 1
2018/09/05-16:54:14.907806 7f48b65de700        Options.error_if_exists: 0
2018/09/05-16:54:14.907808 7f48b65de700        Options.paranoid_checks: 0
2018/09/05-16:54:14.907810 7f48b65de700     Options.verify_compactions: 1
2018/09/05-16:54:14.907812 7f48b65de700                    Options.env: 0x7f48dc005df0
2018/09/05-16:54:14.907814 7f48b65de700               Options.info_log: 0x7f48d80f6a60
2018/09/05-16:54:14.907816 7f48b65de700      Options.write_buffer_size: 62914560
2018/09/05-16:54:14.907818 7f48b65de700         Options.max_open_files: 1000
2018/09/05-16:54:14.907819 7f48b65de700            Options.block_cache: 0x7f48d80f7ff0
2018/09/05-16:54:14.907821 7f48b65de700             Options.block_size: 4096
2018/09/05-16:54:14.907823 7f48b65de700       Options.block_size_steps: 16
2018/09/05-16:54:14.907825 7f48b65de700 Options.block_restart_interval: 16
2018/09/05-16:54:14.907827 7f48b65de700            Options.compression: 2
2018/09/05-16:54:14.907829 7f48b65de700          Options.filter_policy: NULL
2018/09/05-16:54:14.907830 7f48b65de700              Options.is_repair: false
2018/09/05-16:54:14.907832 7f48b65de700         Options.is_internal_db: false
2018/09/05-16:54:14.907834 7f48b65de700      Options.total_leveldb_mem: 1253465702
2018/09/05-16:54:14.907836 7f48b65de700  Options.block_cache_threshold: 33554432
2018/09/05-16:54:14.907838 7f48b65de700  Options.limited_developer_mem: false
2018/09/05-16:54:14.907840 7f48b65de700              Options.mmap_size: 0
2018/09/05-16:54:14.907841 7f48b65de700       Options.delete_threshold: 1000
2018/09/05-16:54:14.907843 7f48b65de700       Options.fadvise_willneed: false
2018/09/05-16:54:14.907845 7f48b65de700      Options.tiered_slow_level: 0
2018/09/05-16:54:14.907847 7f48b65de700     Options.tiered_fast_prefix: ./work/queue/4/message1
2018/09/05-16:54:14.907849 7f48b65de700     Options.tiered_slow_prefix: ./work/queue/4/message1
2018/09/05-16:54:14.907851 7f48b65de700                         crc32c: hardware
2018/09/05-16:54:14.907852 7f48b65de700   Options.cache_object_warming: true
2018/09/05-16:54:14.907854 7f48b65de700        Options.ExpiryActivated: false
2018/09/05-16:54:14.907856 7f48b65de700          Options.expiry_module: NULL
2018/09/05-16:54:14.907858 7f48b65de700                File cache size: 0
2018/09/05-16:54:14.907860 7f48b65de700               Block cache size: 0
2018/09/05-16:54:14.907951 7f48b65de700 Recovering log #5
2018/09/05-16:54:14.910311 7f48b65de700 Delete type=0 #5
2018/09/05-16:54:14.910334 7f48b65de700 Delete type=3 #4
