2018/09/05-16:54:14.942081 7f48b65de700                        Version: develop (open source)
2018/09/05-16:54:14.942101 7f48b65de700             Options.comparator: leveldb.InternalKeyComparator
2018/09/05-16:54:14.942104 7f48b65de700      Options.create_if_missing: 1
2018/09/05-16:54:14.942106 7f48b65de700        Options.error_if_exists: 0
2018/09/05-16:54:14.942108 7f48b65de700        Options.paranoid_checks: 0
2018/09/05-16:54:14.942110 7f48b65de700     Options.verify_compactions: 1
2018/09/05-16:54:14.942112 7f48b65de700                    Options.env: 0x7f48dc005df0
2018/09/05-16:54:14.942114 7f48b65de700               Options.info_log: 0x7f48d811a640
2018/09/05-16:54:14.942116 7f48b65de700      Options.write_buffer_size: 62914560
2018/09/05-16:54:14.942117 7f48b65de700         Options.max_open_files: 1000
2018/09/05-16:54:14.942119 7f48b65de700            Options.block_cache: 0x7f48d811bbd0
2018/09/05-16:54:14.942121 7f48b65de700             Options.block_size: 4096
2018/09/05-16:54:14.942123 7f48b65de700       Options.block_size_steps: 16
2018/09/05-16:54:14.942125 7f48b65de700 Options.block_restart_interval: 16
2018/09/05-16:54:14.942127 7f48b65de700            Options.compression: 2
2018/09/05-16:54:14.942129 7f48b65de700          Options.filter_policy: NULL
2018/09/05-16:54:14.942130 7f48b65de700              Options.is_repair: false
2018/09/05-16:54:14.942132 7f48b65de700         Options.is_internal_db: false
2018/09/05-16:54:14.942134 7f48b65de700      Options.total_leveldb_mem: 1253465702
2018/09/05-16:54:14.942136 7f48b65de700  Options.block_cache_threshold: 33554432
2018/09/05-16:54:14.942139 7f48b65de700  Options.limited_developer_mem: false
2018/09/05-16:54:14.942142 7f48b65de700              Options.mmap_size: 0
2018/09/05-16:54:14.942145 7f48b65de700       Options.delete_threshold: 1000
2018/09/05-16:54:14.942148 7f48b65de700       Options.fadvise_willneed: false
2018/09/05-16:54:14.942151 7f48b65de700      Options.tiered_slow_level: 0
2018/09/05-16:54:14.942154 7f48b65de700     Options.tiered_fast_prefix: ./work/queue/7/message3
2018/09/05-16:54:14.942157 7f48b65de700     Options.tiered_slow_prefix: ./work/queue/7/message3
2018/09/05-16:54:14.942160 7f48b65de700                         crc32c: hardware
2018/09/05-16:54:14.942163 7f48b65de700   Options.cache_object_warming: true
2018/09/05-16:54:14.942166 7f48b65de700        Options.ExpiryActivated: false
2018/09/05-16:54:14.942169 7f48b65de700          Options.expiry_module: NULL
2018/09/05-16:54:14.942172 7f48b65de700                File cache size: 0
2018/09/05-16:54:14.942175 7f48b65de700               Block cache size: 0
2018/09/05-16:54:14.942300 7f48b65de700 Recovering log #5
2018/09/05-16:54:14.944520 7f48b65de700 Delete type=0 #5
2018/09/05-16:54:14.944583 7f48b65de700 Delete type=3 #4
