2018/09/05-16:54:14.953914 7f48b65de700                        Version: develop (open source)
2018/09/05-16:54:14.953939 7f48b65de700             Options.comparator: leveldb.InternalKeyComparator
2018/09/05-16:54:14.953943 7f48b65de700      Options.create_if_missing: 1
2018/09/05-16:54:14.953945 7f48b65de700        Options.error_if_exists: 0
2018/09/05-16:54:14.953947 7f48b65de700        Options.paranoid_checks: 0
2018/09/05-16:54:14.953948 7f48b65de700     Options.verify_compactions: 1
2018/09/05-16:54:14.953950 7f48b65de700                    Options.env: 0x7f48dc005df0
2018/09/05-16:54:14.953952 7f48b65de700               Options.info_log: 0x7f48d81251d0
2018/09/05-16:54:14.953954 7f48b65de700      Options.write_buffer_size: 62914560
2018/09/05-16:54:14.953956 7f48b65de700         Options.max_open_files: 1000
2018/09/05-16:54:14.953958 7f48b65de700            Options.block_cache: 0x7f48d8126760
2018/09/05-16:54:14.953960 7f48b65de700             Options.block_size: 4096
2018/09/05-16:54:14.953962 7f48b65de700       Options.block_size_steps: 16
2018/09/05-16:54:14.953963 7f48b65de700 Options.block_restart_interval: 16
2018/09/05-16:54:14.953965 7f48b65de700            Options.compression: 2
2018/09/05-16:54:14.953967 7f48b65de700          Options.filter_policy: NULL
2018/09/05-16:54:14.953969 7f48b65de700              Options.is_repair: false
2018/09/05-16:54:14.953971 7f48b65de700         Options.is_internal_db: false
2018/09/05-16:54:14.953973 7f48b65de700      Options.total_leveldb_mem: 1253465702
2018/09/05-16:54:14.953974 7f48b65de700  Options.block_cache_threshold: 33554432
2018/09/05-16:54:14.953976 7f48b65de700  Options.limited_developer_mem: false
2018/09/05-16:54:14.953978 7f48b65de700              Options.mmap_size: 0
2018/09/05-16:54:14.953980 7f48b65de700       Options.delete_threshold: 1000
2018/09/05-16:54:14.953982 7f48b65de700       Options.fadvise_willneed: false
2018/09/05-16:54:14.953984 7f48b65de700      Options.tiered_slow_level: 0
2018/09/05-16:54:14.953985 7f48b65de700     Options.tiered_fast_prefix: ./work/queue/11/message3
2018/09/05-16:54:14.953987 7f48b65de700     Options.tiered_slow_prefix: ./work/queue/11/message3
2018/09/05-16:54:14.953989 7f48b65de700                         crc32c: hardware
2018/09/05-16:54:14.953991 7f48b65de700   Options.cache_object_warming: true
2018/09/05-16:54:14.953993 7f48b65de700        Options.ExpiryActivated: false
2018/09/05-16:54:14.953995 7f48b65de700          Options.expiry_module: NULL
2018/09/05-16:54:14.953997 7f48b65de700                File cache size: 0
2018/09/05-16:54:14.953998 7f48b65de700               Block cache size: 0
2018/09/05-16:54:14.954082 7f48b65de700 Recovering log #5
2018/09/05-16:54:14.955836 7f48b65de700 Delete type=0 #5
2018/09/05-16:54:14.955871 7f48b65de700 Delete type=3 #4
