2018/09/05-16:54:15.038268 7f48b65de700                        Version: develop (open source)
2018/09/05-16:54:15.038319 7f48b65de700             Options.comparator: leveldb.InternalKeyComparator
2018/09/05-16:54:15.038323 7f48b65de700      Options.create_if_missing: 1
2018/09/05-16:54:15.038325 7f48b65de700        Options.error_if_exists: 0
2018/09/05-16:54:15.038328 7f48b65de700        Options.paranoid_checks: 0
2018/09/05-16:54:15.038330 7f48b65de700     Options.verify_compactions: 1
2018/09/05-16:54:15.038331 7f48b65de700                    Options.env: 0x7f48dc005df0
2018/09/05-16:54:15.038333 7f48b65de700               Options.info_log: 0x7f48d81899b0
2018/09/05-16:54:15.038335 7f48b65de700      Options.write_buffer_size: 62914560
2018/09/05-16:54:15.038337 7f48b65de700         Options.max_open_files: 1000
2018/09/05-16:54:15.038339 7f48b65de700            Options.block_cache: 0x7f48d818b240
2018/09/05-16:54:15.038341 7f48b65de700             Options.block_size: 4096
2018/09/05-16:54:15.038343 7f48b65de700       Options.block_size_steps: 16
2018/09/05-16:54:15.038344 7f48b65de700 Options.block_restart_interval: 16
2018/09/05-16:54:15.038346 7f48b65de700            Options.compression: 2
2018/09/05-16:54:15.038348 7f48b65de700          Options.filter_policy: NULL
2018/09/05-16:54:15.038350 7f48b65de700              Options.is_repair: false
2018/09/05-16:54:15.038352 7f48b65de700         Options.is_internal_db: false
2018/09/05-16:54:15.038362 7f48b65de700      Options.total_leveldb_mem: 1253465702
2018/09/05-16:54:15.038366 7f48b65de700  Options.block_cache_threshold: 33554432
2018/09/05-16:54:15.038368 7f48b65de700  Options.limited_developer_mem: false
2018/09/05-16:54:15.038370 7f48b65de700              Options.mmap_size: 0
2018/09/05-16:54:15.038372 7f48b65de700       Options.delete_threshold: 1000
2018/09/05-16:54:15.038374 7f48b65de700       Options.fadvise_willneed: false
2018/09/05-16:54:15.038375 7f48b65de700      Options.tiered_slow_level: 0
2018/09/05-16:54:15.038377 7f48b65de700     Options.tiered_fast_prefix: ./work/queue/12/7/message3
2018/09/05-16:54:15.038379 7f48b65de700     Options.tiered_slow_prefix: ./work/queue/12/7/message3
2018/09/05-16:54:15.038381 7f48b65de700                         crc32c: hardware
2018/09/05-16:54:15.038383 7f48b65de700   Options.cache_object_warming: true
2018/09/05-16:54:15.038385 7f48b65de700        Options.ExpiryActivated: false
2018/09/05-16:54:15.038386 7f48b65de700          Options.expiry_module: NULL
2018/09/05-16:54:15.038388 7f48b65de700                File cache size: 0
2018/09/05-16:54:15.038390 7f48b65de700               Block cache size: 0
2018/09/05-16:54:15.038507 7f48b65de700 Recovering log #5
2018/09/05-16:54:15.039708 7f48b65de700 Delete type=0 #5
2018/09/05-16:54:15.039729 7f48b65de700 Delete type=3 #4
