2018/09/05-16:54:14.861159 7f48b65de700                        Version: develop (open source)
2018/09/05-16:54:14.861209 7f48b65de700             Options.comparator: leveldb.InternalKeyComparator
2018/09/05-16:54:14.861214 7f48b65de700      Options.create_if_missing: 1
2018/09/05-16:54:14.861216 7f48b65de700        Options.error_if_exists: 0
2018/09/05-16:54:14.861218 7f48b65de700        Options.paranoid_checks: 0
2018/09/05-16:54:14.861219 7f48b65de700     Options.verify_compactions: 1
2018/09/05-16:54:14.861221 7f48b65de700                    Options.env: 0x7f48dc005df0
2018/09/05-16:54:14.861223 7f48b65de700               Options.info_log: 0x7f48d80cbff0
2018/09/05-16:54:14.861225 7f48b65de700      Options.write_buffer_size: 62914560
2018/09/05-16:54:14.861227 7f48b65de700         Options.max_open_files: 1000
2018/09/05-16:54:14.861229 7f48b65de700            Options.block_cache: 0x7f48d80cd800
2018/09/05-16:54:14.861231 7f48b65de700             Options.block_size: 4096
2018/09/05-16:54:14.861233 7f48b65de700       Options.block_size_steps: 16
2018/09/05-16:54:14.861234 7f48b65de700 Options.block_restart_interval: 16
2018/09/05-16:54:14.861236 7f48b65de700            Options.compression: 2
2018/09/05-16:54:14.861238 7f48b65de700          Options.filter_policy: NULL
2018/09/05-16:54:14.861240 7f48b65de700              Options.is_repair: false
2018/09/05-16:54:14.861242 7f48b65de700         Options.is_internal_db: false
2018/09/05-16:54:14.861244 7f48b65de700      Options.total_leveldb_mem: 1253465702
2018/09/05-16:54:14.861246 7f48b65de700  Options.block_cache_threshold: 33554432
2018/09/05-16:54:14.861248 7f48b65de700  Options.limited_developer_mem: false
2018/09/05-16:54:14.861250 7f48b65de700              Options.mmap_size: 0
2018/09/05-16:54:14.861251 7f48b65de700       Options.delete_threshold: 1000
2018/09/05-16:54:14.861253 7f48b65de700       Options.fadvise_willneed: false
2018/09/05-16:54:14.861255 7f48b65de700      Options.tiered_slow_level: 0
2018/09/05-16:54:14.861257 7f48b65de700     Options.tiered_fast_prefix: ./work/queue/1/message3
2018/09/05-16:54:14.861259 7f48b65de700     Options.tiered_slow_prefix: ./work/queue/1/message3
2018/09/05-16:54:14.861261 7f48b65de700                         crc32c: hardware
2018/09/05-16:54:14.861262 7f48b65de700   Options.cache_object_warming: true
2018/09/05-16:54:14.861264 7f48b65de700        Options.ExpiryActivated: false
2018/09/05-16:54:14.861266 7f48b65de700          Options.expiry_module: NULL
2018/09/05-16:54:14.861268 7f48b65de700                File cache size: 0
2018/09/05-16:54:14.861270 7f48b65de700               Block cache size: 0
2018/09/05-16:54:14.861404 7f48b65de700 Recovering log #5
2018/09/05-16:54:14.863490 7f48b65de700 Delete type=0 #5
2018/09/05-16:54:14.863528 7f48b65de700 Delete type=3 #4
