2018/09/05-16:54:15.028739 7f48b65de700                        Version: develop (open source)
2018/09/05-16:54:15.028757 7f48b65de700             Options.comparator: leveldb.InternalKeyComparator
2018/09/05-16:54:15.028760 7f48b65de700      Options.create_if_missing: 1
2018/09/05-16:54:15.028762 7f48b65de700        Options.error_if_exists: 0
2018/09/05-16:54:15.028764 7f48b65de700        Options.paranoid_checks: 0
2018/09/05-16:54:15.028766 7f48b65de700     Options.verify_compactions: 1
2018/09/05-16:54:15.028767 7f48b65de700                    Options.env: 0x7f48dc005df0
2018/09/05-16:54:15.028769 7f48b65de700               Options.info_log: 0x7f48d817eaa0
2018/09/05-16:54:15.028771 7f48b65de700      Options.write_buffer_size: 62914560
2018/09/05-16:54:15.028773 7f48b65de700         Options.max_open_files: 1000
2018/09/05-16:54:15.028775 7f48b65de700            Options.block_cache: 0x7f48d8180050
2018/09/05-16:54:15.028777 7f48b65de700             Options.block_size: 4096
2018/09/05-16:54:15.028779 7f48b65de700       Options.block_size_steps: 16
2018/09/05-16:54:15.028780 7f48b65de700 Options.block_restart_interval: 16
2018/09/05-16:54:15.028782 7f48b65de700            Options.compression: 2
2018/09/05-16:54:15.028784 7f48b65de700          Options.filter_policy: NULL
2018/09/05-16:54:15.028786 7f48b65de700              Options.is_repair: false
2018/09/05-16:54:15.028788 7f48b65de700         Options.is_internal_db: false
2018/09/05-16:54:15.028790 7f48b65de700      Options.total_leveldb_mem: 1253465702
2018/09/05-16:54:15.028792 7f48b65de700  Options.block_cache_threshold: 33554432
2018/09/05-16:54:15.028793 7f48b65de700  Options.limited_developer_mem: false
2018/09/05-16:54:15.028795 7f48b65de700              Options.mmap_size: 0
2018/09/05-16:54:15.028797 7f48b65de700       Options.delete_threshold: 1000
2018/09/05-16:54:15.028799 7f48b65de700       Options.fadvise_willneed: false
2018/09/05-16:54:15.028801 7f48b65de700      Options.tiered_slow_level: 0
2018/09/05-16:54:15.028802 7f48b65de700     Options.tiered_fast_prefix: ./work/queue/12/6/message2
2018/09/05-16:54:15.028804 7f48b65de700     Options.tiered_slow_prefix: ./work/queue/12/6/message2
2018/09/05-16:54:15.028806 7f48b65de700                         crc32c: hardware
2018/09/05-16:54:15.028808 7f48b65de700   Options.cache_object_warming: true
2018/09/05-16:54:15.028810 7f48b65de700        Options.ExpiryActivated: false
2018/09/05-16:54:15.028812 7f48b65de700          Options.expiry_module: NULL
2018/09/05-16:54:15.028815 7f48b65de700                File cache size: 0
2018/09/05-16:54:15.028818 7f48b65de700               Block cache size: 0
2018/09/05-16:54:15.028920 7f48b65de700 Recovering log #5
2018/09/05-16:54:15.030183 7f48b65de700 Delete type=0 #5
2018/09/05-16:54:15.030206 7f48b65de700 Delete type=3 #4
