2018/09/05-16:54:14.997315 7f48b65de700                        Version: develop (open source)
2018/09/05-16:54:14.997339 7f48b65de700             Options.comparator: leveldb.InternalKeyComparator
2018/09/05-16:54:14.997343 7f48b65de700      Options.create_if_missing: 1
2018/09/05-16:54:14.997345 7f48b65de700        Options.error_if_exists: 0
2018/09/05-16:54:14.997346 7f48b65de700        Options.paranoid_checks: 0
2018/09/05-16:54:14.997348 7f48b65de700     Options.verify_compactions: 1
2018/09/05-16:54:14.997350 7f48b65de700                    Options.env: 0x7f48dc005df0
2018/09/05-16:54:14.997352 7f48b65de700               Options.info_log: 0x7f48d815b0b0
2018/09/05-16:54:14.997362 7f48b65de700      Options.write_buffer_size: 62914560
2018/09/05-16:54:14.997367 7f48b65de700         Options.max_open_files: 1000
2018/09/05-16:54:14.997369 7f48b65de700            Options.block_cache: 0x7f48d815c100
2018/09/05-16:54:14.997370 7f48b65de700             Options.block_size: 4096
2018/09/05-16:54:14.997372 7f48b65de700       Options.block_size_steps: 16
2018/09/05-16:54:14.997374 7f48b65de700 Options.block_restart_interval: 16
2018/09/05-16:54:14.997376 7f48b65de700            Options.compression: 2
2018/09/05-16:54:14.997378 7f48b65de700          Options.filter_policy: NULL
2018/09/05-16:54:14.997379 7f48b65de700              Options.is_repair: false
2018/09/05-16:54:14.997381 7f48b65de700         Options.is_internal_db: false
2018/09/05-16:54:14.997383 7f48b65de700      Options.total_leveldb_mem: 1253465702
2018/09/05-16:54:14.997385 7f48b65de700  Options.block_cache_threshold: 33554432
2018/09/05-16:54:14.997387 7f48b65de700  Options.limited_developer_mem: false
2018/09/05-16:54:14.997389 7f48b65de700              Options.mmap_size: 0
2018/09/05-16:54:14.997391 7f48b65de700       Options.delete_threshold: 1000
2018/09/05-16:54:14.997392 7f48b65de700       Options.fadvise_willneed: false
2018/09/05-16:54:14.997394 7f48b65de700      Options.tiered_slow_level: 0
2018/09/05-16:54:14.997396 7f48b65de700     Options.tiered_fast_prefix: ./work/queue/12/3/message0
2018/09/05-16:54:14.997398 7f48b65de700     Options.tiered_slow_prefix: ./work/queue/12/3/message0
2018/09/05-16:54:14.997400 7f48b65de700                         crc32c: hardware
2018/09/05-16:54:14.997401 7f48b65de700   Options.cache_object_warming: true
2018/09/05-16:54:14.997403 7f48b65de700        Options.ExpiryActivated: false
2018/09/05-16:54:14.997405 7f48b65de700          Options.expiry_module: NULL
2018/09/05-16:54:14.997407 7f48b65de700                File cache size: 0
2018/09/05-16:54:14.997409 7f48b65de700               Block cache size: 0
2018/09/05-16:54:14.997490 7f48b65de700 Recovering log #5
2018/09/05-16:54:14.998747 7f48b65de700 Delete type=0 #5
2018/09/05-16:54:14.998770 7f48b65de700 Delete type=3 #4
