2018/09/05-16:54:14.905234 7f48b65de700                        Version: develop (open source)
2018/09/05-16:54:14.905252 7f48b65de700             Options.comparator: leveldb.InternalKeyComparator
2018/09/05-16:54:14.905254 7f48b65de700      Options.create_if_missing: 1
2018/09/05-16:54:14.905256 7f48b65de700        Options.error_if_exists: 0
2018/09/05-16:54:14.905258 7f48b65de700        Options.paranoid_checks: 0
2018/09/05-16:54:14.905260 7f48b65de700     Options.verify_compactions: 1
2018/09/05-16:54:14.905262 7f48b65de700                    Options.env: 0x7f48dc005df0
2018/09/05-16:54:14.905264 7f48b65de700               Options.info_log: 0x7f48d80f3130
2018/09/05-16:54:14.905265 7f48b65de700      Options.write_buffer_size: 62914560
2018/09/05-16:54:14.905267 7f48b65de700         Options.max_open_files: 1000
2018/09/05-16:54:14.905269 7f48b65de700            Options.block_cache: 0x7f48d80f46c0
2018/09/05-16:54:14.905271 7f48b65de700             Options.block_size: 4096
2018/09/05-16:54:14.905273 7f48b65de700       Options.block_size_steps: 16
2018/09/05-16:54:14.905275 7f48b65de700 Options.block_restart_interval: 16
2018/09/05-16:54:14.905276 7f48b65de700            Options.compression: 2
2018/09/05-16:54:14.905278 7f48b65de700          Options.filter_policy: NULL
2018/09/05-16:54:14.905280 7f48b65de700              Options.is_repair: false
2018/09/05-16:54:14.905282 7f48b65de700         Options.is_internal_db: false
2018/09/05-16:54:14.905284 7f48b65de700      Options.total_leveldb_mem: 1253465702
2018/09/05-16:54:14.905286 7f48b65de700  Options.block_cache_threshold: 33554432
2018/09/05-16:54:14.905287 7f48b65de700  Options.limited_developer_mem: false
2018/09/05-16:54:14.905289 7f48b65de700              Options.mmap_size: 0
2018/09/05-16:54:14.905291 7f48b65de700       Options.delete_threshold: 1000
2018/09/05-16:54:14.905293 7f48b65de700       Options.fadvise_willneed: false
2018/09/05-16:54:14.905295 7f48b65de700      Options.tiered_slow_level: 0
2018/09/05-16:54:14.905296 7f48b65de700     Options.tiered_fast_prefix: ./work/queue/4/message2
2018/09/05-16:54:14.905298 7f48b65de700     Options.tiered_slow_prefix: ./work/queue/4/message2
2018/09/05-16:54:14.905300 7f48b65de700                         crc32c: hardware
2018/09/05-16:54:14.905302 7f48b65de700   Options.cache_object_warming: true
2018/09/05-16:54:14.905304 7f48b65de700        Options.ExpiryActivated: false
2018/09/05-16:54:14.905305 7f48b65de700          Options.expiry_module: NULL
2018/09/05-16:54:14.905307 7f48b65de700                File cache size: 0
2018/09/05-16:54:14.905309 7f48b65de700               Block cache size: 0
2018/09/05-16:54:14.905417 7f48b65de700 Recovering log #5
2018/09/05-16:54:14.906792 7f48b65de700 Delete type=0 #5
2018/09/05-16:54:14.906814 7f48b65de700 Delete type=3 #4
