2018/09/05-16:54:14.980952 7f48b65de700                        Version: develop (open source)
2018/09/05-16:54:14.980970 7f48b65de700             Options.comparator: leveldb.InternalKeyComparator
2018/09/05-16:54:14.980973 7f48b65de700      Options.create_if_missing: 1
2018/09/05-16:54:14.980975 7f48b65de700        Options.error_if_exists: 0
2018/09/05-16:54:14.980977 7f48b65de700        Options.paranoid_checks: 0
2018/09/05-16:54:14.980979 7f48b65de700     Options.verify_compactions: 1
2018/09/05-16:54:14.980981 7f48b65de700                    Options.env: 0x7f48dc005df0
2018/09/05-16:54:14.980983 7f48b65de700               Options.info_log: 0x7f48d81455a0
2018/09/05-16:54:14.980984 7f48b65de700      Options.write_buffer_size: 62914560
2018/09/05-16:54:14.980986 7f48b65de700         Options.max_open_files: 1000
2018/09/05-16:54:14.980988 7f48b65de700            Options.block_cache: 0x7f48d8146b50
2018/09/05-16:54:14.980990 7f48b65de700             Options.block_size: 4096
2018/09/05-16:54:14.980992 7f48b65de700       Options.block_size_steps: 16
2018/09/05-16:54:14.980994 7f48b65de700 Options.block_restart_interval: 16
2018/09/05-16:54:14.980995 7f48b65de700            Options.compression: 2
2018/09/05-16:54:14.980997 7f48b65de700          Options.filter_policy: NULL
2018/09/05-16:54:14.980999 7f48b65de700              Options.is_repair: false
2018/09/05-16:54:14.981001 7f48b65de700         Options.is_internal_db: false
2018/09/05-16:54:14.981003 7f48b65de700      Options.total_leveldb_mem: 1253465702
2018/09/05-16:54:14.981005 7f48b65de700  Options.block_cache_threshold: 33554432
2018/09/05-16:54:14.981007 7f48b65de700  Options.limited_developer_mem: false
2018/09/05-16:54:14.981008 7f48b65de700              Options.mmap_size: 0
2018/09/05-16:54:14.981010 7f48b65de700       Options.delete_threshold: 1000
2018/09/05-16:54:14.981012 7f48b65de700       Options.fadvise_willneed: false
2018/09/05-16:54:14.981014 7f48b65de700      Options.tiered_slow_level: 0
2018/09/05-16:54:14.981016 7f48b65de700     Options.tiered_fast_prefix: ./work/queue/12/2/message2
2018/09/05-16:54:14.981018 7f48b65de700     Options.tiered_slow_prefix: ./work/queue/12/2/message2
2018/09/05-16:54:14.981019 7f48b65de700                         crc32c: hardware
2018/09/05-16:54:14.981021 7f48b65de700   Options.cache_object_warming: true
2018/09/05-16:54:14.981023 7f48b65de700        Options.ExpiryActivated: false
2018/09/05-16:54:14.981025 7f48b65de700          Options.expiry_module: NULL
2018/09/05-16:54:14.981027 7f48b65de700                File cache size: 0
2018/09/05-16:54:14.981028 7f48b65de700               Block cache size: 0
2018/09/05-16:54:14.981117 7f48b65de700 Recovering log #5
2018/09/05-16:54:14.982637 7f48b65de700 Delete type=0 #5
2018/09/05-16:54:14.982660 7f48b65de700 Delete type=3 #4
