2018/09/05-16:54:15.057695 7f48b65de700                        Version: develop (open source)
2018/09/05-16:54:15.057713 7f48b65de700             Options.comparator: leveldb.InternalKeyComparator
2018/09/05-16:54:15.057716 7f48b65de700      Options.create_if_missing: 1
2018/09/05-16:54:15.057718 7f48b65de700        Options.error_if_exists: 0
2018/09/05-16:54:15.057719 7f48b65de700        Options.paranoid_checks: 0
2018/09/05-16:54:15.057721 7f48b65de700     Options.verify_compactions: 1
2018/09/05-16:54:15.057723 7f48b65de700                    Options.env: 0x7f48dc005df0
2018/09/05-16:54:15.057725 7f48b65de700               Options.info_log: 0x7f48d81a2af0
2018/09/05-16:54:15.057727 7f48b65de700      Options.write_buffer_size: 62914560
2018/09/05-16:54:15.057729 7f48b65de700         Options.max_open_files: 1000
2018/09/05-16:54:15.057730 7f48b65de700            Options.block_cache: 0x7f48d81a3b40
2018/09/05-16:54:15.057732 7f48b65de700             Options.block_size: 4096
2018/09/05-16:54:15.057734 7f48b65de700       Options.block_size_steps: 16
2018/09/05-16:54:15.057736 7f48b65de700 Options.block_restart_interval: 16
2018/09/05-16:54:15.057738 7f48b65de700            Options.compression: 2
2018/09/05-16:54:15.057740 7f48b65de700          Options.filter_policy: NULL
2018/09/05-16:54:15.057741 7f48b65de700              Options.is_repair: false
2018/09/05-16:54:15.057743 7f48b65de700         Options.is_internal_db: false
2018/09/05-16:54:15.057745 7f48b65de700      Options.total_leveldb_mem: 1253465702
2018/09/05-16:54:15.057747 7f48b65de700  Options.block_cache_threshold: 33554432
2018/09/05-16:54:15.057749 7f48b65de700  Options.limited_developer_mem: false
2018/09/05-16:54:15.057751 7f48b65de700              Options.mmap_size: 0
2018/09/05-16:54:15.057752 7f48b65de700       Options.delete_threshold: 1000
2018/09/05-16:54:15.057754 7f48b65de700       Options.fadvise_willneed: false
2018/09/05-16:54:15.057756 7f48b65de700      Options.tiered_slow_level: 0
2018/09/05-16:54:15.057758 7f48b65de700     Options.tiered_fast_prefix: ./work/queue/12/8/message0
2018/09/05-16:54:15.057760 7f48b65de700     Options.tiered_slow_prefix: ./work/queue/12/8/message0
2018/09/05-16:54:15.057761 7f48b65de700                         crc32c: hardware
2018/09/05-16:54:15.057763 7f48b65de700   Options.cache_object_warming: true
2018/09/05-16:54:15.057765 7f48b65de700        Options.ExpiryActivated: false
2018/09/05-16:54:15.057767 7f48b65de700          Options.expiry_module: NULL
2018/09/05-16:54:15.057769 7f48b65de700                File cache size: 0
2018/09/05-16:54:15.057771 7f48b65de700               Block cache size: 0
2018/09/05-16:54:15.057850 7f48b65de700 Recovering log #5
2018/09/05-16:54:15.059588 7f48b65de700 Delete type=0 #5
2018/09/05-16:54:15.059610 7f48b65de700 Delete type=3 #4
