2018/09/05-16:54:14.898942 7f48b65de700                        Version: develop (open source)
2018/09/05-16:54:14.898958 7f48b65de700             Options.comparator: leveldb.InternalKeyComparator
2018/09/05-16:54:14.898961 7f48b65de700      Options.create_if_missing: 1
2018/09/05-16:54:14.898963 7f48b65de700        Options.error_if_exists: 0
2018/09/05-16:54:14.898965 7f48b65de700        Options.paranoid_checks: 0
2018/09/05-16:54:14.898967 7f48b65de700     Options.verify_compactions: 1
2018/09/05-16:54:14.898969 7f48b65de700                    Options.env: 0x7f48dc005df0
2018/09/05-16:54:14.898971 7f48b65de700               Options.info_log: 0x7f48d80ebed0
2018/09/05-16:54:14.898973 7f48b65de700      Options.write_buffer_size: 62914560
2018/09/05-16:54:14.898975 7f48b65de700         Options.max_open_files: 1000
2018/09/05-16:54:14.898976 7f48b65de700            Options.block_cache: 0x7f48d80ed460
2018/09/05-16:54:14.898978 7f48b65de700             Options.block_size: 4096
2018/09/05-16:54:14.898980 7f48b65de700       Options.block_size_steps: 16
2018/09/05-16:54:14.898982 7f48b65de700 Options.block_restart_interval: 16
2018/09/05-16:54:14.898984 7f48b65de700            Options.compression: 2
2018/09/05-16:54:14.898986 7f48b65de700          Options.filter_policy: NULL
2018/09/05-16:54:14.898987 7f48b65de700              Options.is_repair: false
2018/09/05-16:54:14.898989 7f48b65de700         Options.is_internal_db: false
2018/09/05-16:54:14.898991 7f48b65de700      Options.total_leveldb_mem: 1253465702
2018/09/05-16:54:14.898993 7f48b65de700  Options.block_cache_threshold: 33554432
2018/09/05-16:54:14.898995 7f48b65de700  Options.limited_developer_mem: false
2018/09/05-16:54:14.898997 7f48b65de700              Options.mmap_size: 0
2018/09/05-16:54:14.898999 7f48b65de700       Options.delete_threshold: 1000
2018/09/05-16:54:14.899000 7f48b65de700       Options.fadvise_willneed: false
2018/09/05-16:54:14.899002 7f48b65de700      Options.tiered_slow_level: 0
2018/09/05-16:54:14.899004 7f48b65de700     Options.tiered_fast_prefix: ./work/queue/3/message0
2018/09/05-16:54:14.899006 7f48b65de700     Options.tiered_slow_prefix: ./work/queue/3/message0
2018/09/05-16:54:14.899008 7f48b65de700                         crc32c: hardware
2018/09/05-16:54:14.899010 7f48b65de700   Options.cache_object_warming: true
2018/09/05-16:54:14.899011 7f48b65de700        Options.ExpiryActivated: false
2018/09/05-16:54:14.899013 7f48b65de700          Options.expiry_module: NULL
2018/09/05-16:54:14.899015 7f48b65de700                File cache size: 0
2018/09/05-16:54:14.899017 7f48b65de700               Block cache size: 0
2018/09/05-16:54:14.899104 7f48b65de700 Recovering log #5
2018/09/05-16:54:14.900408 7f48b65de700 Delete type=0 #5
2018/09/05-16:54:14.900431 7f48b65de700 Delete type=3 #4
