2018/09/05-16:54:15.017642 7f48b65de700                        Version: develop (open source)
2018/09/05-16:54:15.017661 7f48b65de700             Options.comparator: leveldb.InternalKeyComparator
2018/09/05-16:54:15.017664 7f48b65de700      Options.create_if_missing: 1
2018/09/05-16:54:15.017666 7f48b65de700        Options.error_if_exists: 0
2018/09/05-16:54:15.017668 7f48b65de700        Options.paranoid_checks: 0
2018/09/05-16:54:15.017670 7f48b65de700     Options.verify_compactions: 1
2018/09/05-16:54:15.017672 7f48b65de700                    Options.env: 0x7f48dc005df0
2018/09/05-16:54:15.017674 7f48b65de700               Options.info_log: 0x7f48d8170560
2018/09/05-16:54:15.017676 7f48b65de700      Options.write_buffer_size: 62914560
2018/09/05-16:54:15.017678 7f48b65de700         Options.max_open_files: 1000
2018/09/05-16:54:15.017680 7f48b65de700            Options.block_cache: 0x7f48d8171b10
2018/09/05-16:54:15.017681 7f48b65de700             Options.block_size: 4096
2018/09/05-16:54:15.017683 7f48b65de700       Options.block_size_steps: 16
2018/09/05-16:54:15.017685 7f48b65de700 Options.block_restart_interval: 16
2018/09/05-16:54:15.017687 7f48b65de700            Options.compression: 2
2018/09/05-16:54:15.017689 7f48b65de700          Options.filter_policy: NULL
2018/09/05-16:54:15.017691 7f48b65de700              Options.is_repair: false
2018/09/05-16:54:15.017692 7f48b65de700         Options.is_internal_db: false
2018/09/05-16:54:15.017694 7f48b65de700      Options.total_leveldb_mem: 1253465702
2018/09/05-16:54:15.017696 7f48b65de700  Options.block_cache_threshold: 33554432
2018/09/05-16:54:15.017698 7f48b65de700  Options.limited_developer_mem: false
2018/09/05-16:54:15.017700 7f48b65de700              Options.mmap_size: 0
2018/09/05-16:54:15.017702 7f48b65de700       Options.delete_threshold: 1000
2018/09/05-16:54:15.017704 7f48b65de700       Options.fadvise_willneed: false
2018/09/05-16:54:15.017705 7f48b65de700      Options.tiered_slow_level: 0
2018/09/05-16:54:15.017707 7f48b65de700     Options.tiered_fast_prefix: ./work/queue/12/5/message2
2018/09/05-16:54:15.017709 7f48b65de700     Options.tiered_slow_prefix: ./work/queue/12/5/message2
2018/09/05-16:54:15.017711 7f48b65de700                         crc32c: hardware
2018/09/05-16:54:15.017713 7f48b65de700   Options.cache_object_warming: true
2018/09/05-16:54:15.017715 7f48b65de700        Options.ExpiryActivated: false
2018/09/05-16:54:15.017716 7f48b65de700          Options.expiry_module: NULL
2018/09/05-16:54:15.017718 7f48b65de700                File cache size: 0
2018/09/05-16:54:15.017720 7f48b65de700               Block cache size: 0
2018/09/05-16:54:15.017806 7f48b65de700 Recovering log #5
2018/09/05-16:54:15.019012 7f48b65de700 Delete type=0 #5
2018/09/05-16:54:15.019033 7f48b65de700 Delete type=3 #4
