2018/09/05-16:54:15.010300 7f48b65de700                        Version: develop (open source)
2018/09/05-16:54:15.010330 7f48b65de700             Options.comparator: leveldb.InternalKeyComparator
2018/09/05-16:54:15.010336 7f48b65de700      Options.create_if_missing: 1
2018/09/05-16:54:15.010339 7f48b65de700        Options.error_if_exists: 0
2018/09/05-16:54:15.010342 7f48b65de700        Options.paranoid_checks: 0
2018/09/05-16:54:15.010344 7f48b65de700     Options.verify_compactions: 1
2018/09/05-16:54:15.010346 7f48b65de700                    Options.env: 0x7f48dc005df0
2018/09/05-16:54:15.010349 7f48b65de700               Options.info_log: 0x7f48d81695f0
2018/09/05-16:54:15.010351 7f48b65de700      Options.write_buffer_size: 62914560
2018/09/05-16:54:15.010368 7f48b65de700         Options.max_open_files: 1000
2018/09/05-16:54:15.010372 7f48b65de700            Options.block_cache: 0x7f48d816a640
2018/09/05-16:54:15.010375 7f48b65de700             Options.block_size: 4096
2018/09/05-16:54:15.010377 7f48b65de700       Options.block_size_steps: 16
2018/09/05-16:54:15.010380 7f48b65de700 Options.block_restart_interval: 16
2018/09/05-16:54:15.010382 7f48b65de700            Options.compression: 2
2018/09/05-16:54:15.010384 7f48b65de700          Options.filter_policy: NULL
2018/09/05-16:54:15.010387 7f48b65de700              Options.is_repair: false
2018/09/05-16:54:15.010389 7f48b65de700         Options.is_internal_db: false
2018/09/05-16:54:15.010392 7f48b65de700      Options.total_leveldb_mem: 1253465702
2018/09/05-16:54:15.010395 7f48b65de700  Options.block_cache_threshold: 33554432
2018/09/05-16:54:15.010397 7f48b65de700  Options.limited_developer_mem: false
2018/09/05-16:54:15.010400 7f48b65de700              Options.mmap_size: 0
2018/09/05-16:54:15.010403 7f48b65de700       Options.delete_threshold: 1000
2018/09/05-16:54:15.010406 7f48b65de700       Options.fadvise_willneed: false
2018/09/05-16:54:15.010408 7f48b65de700      Options.tiered_slow_level: 0
2018/09/05-16:54:15.010410 7f48b65de700     Options.tiered_fast_prefix: ./work/queue/12/4/message0
2018/09/05-16:54:15.010413 7f48b65de700     Options.tiered_slow_prefix: ./work/queue/12/4/message0
2018/09/05-16:54:15.010415 7f48b65de700                         crc32c: hardware
2018/09/05-16:54:15.010418 7f48b65de700   Options.cache_object_warming: true
2018/09/05-16:54:15.010420 7f48b65de700        Options.ExpiryActivated: false
2018/09/05-16:54:15.010423 7f48b65de700          Options.expiry_module: NULL
2018/09/05-16:54:15.010425 7f48b65de700                File cache size: 0
2018/09/05-16:54:15.010428 7f48b65de700               Block cache size: 0
2018/09/05-16:54:15.010569 7f48b65de700 Recovering log #5
2018/09/05-16:54:15.012085 7f48b65de700 Delete type=0 #5
2018/09/05-16:54:15.012118 7f48b65de700 Delete type=3 #4
