2018/09/05-16:54:14.945894 7f48b2dd7700                        Version: develop (open source)
2018/09/05-16:54:14.945915 7f48b2dd7700             Options.comparator: leveldb.InternalKeyComparator
2018/09/05-16:54:14.945919 7f48b2dd7700      Options.create_if_missing: 1
2018/09/05-16:54:14.945921 7f48b2dd7700        Options.error_if_exists: 0
2018/09/05-16:54:14.945923 7f48b2dd7700        Options.paranoid_checks: 0
2018/09/05-16:54:14.945924 7f48b2dd7700     Options.verify_compactions: 1
2018/09/05-16:54:14.945926 7f48b2dd7700                    Options.env: 0x7f48dc005df0
2018/09/05-16:54:14.945928 7f48b2dd7700               Options.info_log: 0x7f48e400eaa0
2018/09/05-16:54:14.945930 7f48b2dd7700      Options.write_buffer_size: 62914560
2018/09/05-16:54:14.945932 7f48b2dd7700         Options.max_open_files: 1000
2018/09/05-16:54:14.945934 7f48b2dd7700            Options.block_cache: 0x7f48e40105d0
2018/09/05-16:54:14.945936 7f48b2dd7700             Options.block_size: 4096
2018/09/05-16:54:14.945938 7f48b2dd7700       Options.block_size_steps: 16
2018/09/05-16:54:14.945940 7f48b2dd7700 Options.block_restart_interval: 16
2018/09/05-16:54:14.945941 7f48b2dd7700            Options.compression: 2
2018/09/05-16:54:14.945943 7f48b2dd7700          Options.filter_policy: NULL
2018/09/05-16:54:14.945945 7f48b2dd7700              Options.is_repair: false
2018/09/05-16:54:14.945947 7f48b2dd7700         Options.is_internal_db: false
2018/09/05-16:54:14.945949 7f48b2dd7700      Options.total_leveldb_mem: 1253465702
2018/09/05-16:54:14.945951 7f48b2dd7700  Options.block_cache_threshold: 33554432
2018/09/05-16:54:14.945952 7f48b2dd7700  Options.limited_developer_mem: false
2018/09/05-16:54:14.945954 7f48b2dd7700              Options.mmap_size: 0
2018/09/05-16:54:14.945956 7f48b2dd7700       Options.delete_threshold: 1000
2018/09/05-16:54:14.945958 7f48b2dd7700       Options.fadvise_willneed: false
2018/09/05-16:54:14.945960 7f48b2dd7700      Options.tiered_slow_level: 0
2018/09/05-16:54:14.945962 7f48b2dd7700     Options.tiered_fast_prefix: ./work/queue/7/message2
2018/09/05-16:54:14.945963 7f48b2dd7700     Options.tiered_slow_prefix: ./work/queue/7/message2
2018/09/05-16:54:14.945965 7f48b2dd7700                         crc32c: hardware
2018/09/05-16:54:14.945967 7f48b2dd7700   Options.cache_object_warming: true
2018/09/05-16:54:14.945969 7f48b2dd7700        Options.ExpiryActivated: false
2018/09/05-16:54:14.945971 7f48b2dd7700          Options.expiry_module: NULL
2018/09/05-16:54:14.945973 7f48b2dd7700                File cache size: 0
2018/09/05-16:54:14.945974 7f48b2dd7700               Block cache size: 0
2018/09/05-16:54:14.946058 7f48b2dd7700 Recovering log #5
2018/09/05-16:54:14.947329 7f48b2dd7700 Delete type=0 #5
2018/09/05-16:54:14.947351 7f48b2dd7700 Delete type=3 #4
