2018/09/05-16:54:14.846449 7f48b65de700                        Version: develop (open source)
2018/09/05-16:54:14.846477 7f48b65de700             Options.comparator: leveldb.InternalKeyComparator
2018/09/05-16:54:14.846486 7f48b65de700      Options.create_if_missing: 1
2018/09/05-16:54:14.846488 7f48b65de700        Options.error_if_exists: 0
2018/09/05-16:54:14.846490 7f48b65de700        Options.paranoid_checks: 0
2018/09/05-16:54:14.846492 7f48b65de700     Options.verify_compactions: 1
2018/09/05-16:54:14.846494 7f48b65de700                    Options.env: 0x7f48dc005df0
2018/09/05-16:54:14.846496 7f48b65de700               Options.info_log: 0x7f48d80c4cf0
2018/09/05-16:54:14.846498 7f48b65de700      Options.write_buffer_size: 62914560
2018/09/05-16:54:14.846500 7f48b65de700         Options.max_open_files: 1000
2018/09/05-16:54:14.846502 7f48b65de700            Options.block_cache: 0x7f48d80c96d0
2018/09/05-16:54:14.846503 7f48b65de700             Options.block_size: 4096
2018/09/05-16:54:14.846505 7f48b65de700       Options.block_size_steps: 16
2018/09/05-16:54:14.846507 7f48b65de700 Options.block_restart_interval: 16
2018/09/05-16:54:14.846509 7f48b65de700            Options.compression: 2
2018/09/05-16:54:14.846511 7f48b65de700          Options.filter_policy: NULL
2018/09/05-16:54:14.846512 7f48b65de700              Options.is_repair: false
2018/09/05-16:54:14.846514 7f48b65de700         Options.is_internal_db: false
2018/09/05-16:54:14.846516 7f48b65de700      Options.total_leveldb_mem: 1253465702
2018/09/05-16:54:14.846518 7f48b65de700  Options.block_cache_threshold: 33554432
2018/09/05-16:54:14.846520 7f48b65de700  Options.limited_developer_mem: false
2018/09/05-16:54:14.846522 7f48b65de700              Options.mmap_size: 0
2018/09/05-16:54:14.846524 7f48b65de700       Options.delete_threshold: 1000
2018/09/05-16:54:14.846525 7f48b65de700       Options.fadvise_willneed: false
2018/09/05-16:54:14.846527 7f48b65de700      Options.tiered_slow_level: 0
2018/09/05-16:54:14.846529 7f48b65de700     Options.tiered_fast_prefix: ./work/queue/membership/message2
2018/09/05-16:54:14.846531 7f48b65de700     Options.tiered_slow_prefix: ./work/queue/membership/message2
2018/09/05-16:54:14.846533 7f48b65de700                         crc32c: hardware
2018/09/05-16:54:14.846535 7f48b65de700   Options.cache_object_warming: true
2018/09/05-16:54:14.846536 7f48b65de700        Options.ExpiryActivated: false
2018/09/05-16:54:14.846538 7f48b65de700          Options.expiry_module: NULL
2018/09/05-16:54:14.846540 7f48b65de700                File cache size: 0
2018/09/05-16:54:14.846542 7f48b65de700               Block cache size: 0
2018/09/05-16:54:14.846645 7f48b65de700 Recovering log #5
2018/09/05-16:54:14.848041 7f48b65de700 Delete type=0 #5
2018/09/05-16:54:14.848064 7f48b65de700 Delete type=3 #4
