2018/09/05-16:54:14.992464 7f48b65de700                        Version: develop (open source)
2018/09/05-16:54:14.992482 7f48b65de700             Options.comparator: leveldb.InternalKeyComparator
2018/09/05-16:54:14.992487 7f48b65de700      Options.create_if_missing: 1
2018/09/05-16:54:14.992489 7f48b65de700        Options.error_if_exists: 0
2018/09/05-16:54:14.992491 7f48b65de700        Options.paranoid_checks: 0
2018/09/05-16:54:14.992493 7f48b65de700     Options.verify_compactions: 1
2018/09/05-16:54:14.992495 7f48b65de700                    Options.env: 0x7f48dc005df0
2018/09/05-16:54:14.992497 7f48b65de700               Options.info_log: 0x7f48d8153ae0
2018/09/05-16:54:14.992499 7f48b65de700      Options.write_buffer_size: 62914560
2018/09/05-16:54:14.992501 7f48b65de700         Options.max_open_files: 1000
2018/09/05-16:54:14.992502 7f48b65de700            Options.block_cache: 0x7f48d8155090
2018/09/05-16:54:14.992504 7f48b65de700             Options.block_size: 4096
2018/09/05-16:54:14.992506 7f48b65de700       Options.block_size_steps: 16
2018/09/05-16:54:14.992508 7f48b65de700 Options.block_restart_interval: 16
2018/09/05-16:54:14.992510 7f48b65de700            Options.compression: 2
2018/09/05-16:54:14.992511 7f48b65de700          Options.filter_policy: NULL
2018/09/05-16:54:14.992513 7f48b65de700              Options.is_repair: false
2018/09/05-16:54:14.992515 7f48b65de700         Options.is_internal_db: false
2018/09/05-16:54:14.992517 7f48b65de700      Options.total_leveldb_mem: 1253465702
2018/09/05-16:54:14.992519 7f48b65de700  Options.block_cache_threshold: 33554432
2018/09/05-16:54:14.992521 7f48b65de700  Options.limited_developer_mem: false
2018/09/05-16:54:14.992523 7f48b65de700              Options.mmap_size: 0
2018/09/05-16:54:14.992524 7f48b65de700       Options.delete_threshold: 1000
2018/09/05-16:54:14.992526 7f48b65de700       Options.fadvise_willneed: false
2018/09/05-16:54:14.992528 7f48b65de700      Options.tiered_slow_level: 0
2018/09/05-16:54:14.992530 7f48b65de700     Options.tiered_fast_prefix: ./work/queue/12/3/message2
2018/09/05-16:54:14.992532 7f48b65de700     Options.tiered_slow_prefix: ./work/queue/12/3/message2
2018/09/05-16:54:14.992533 7f48b65de700                         crc32c: hardware
2018/09/05-16:54:14.992535 7f48b65de700   Options.cache_object_warming: true
2018/09/05-16:54:14.992537 7f48b65de700        Options.ExpiryActivated: false
2018/09/05-16:54:14.992539 7f48b65de700          Options.expiry_module: NULL
2018/09/05-16:54:14.992541 7f48b65de700                File cache size: 0
2018/09/05-16:54:14.992543 7f48b65de700               Block cache size: 0
2018/09/05-16:54:14.992627 7f48b65de700 Recovering log #5
2018/09/05-16:54:14.993825 7f48b65de700 Delete type=0 #5
2018/09/05-16:54:14.993847 7f48b65de700 Delete type=3 #4
