2018/09/05-16:54:14.864781 7f48b2dd7700                        Version: develop (open source)
2018/09/05-16:54:14.864807 7f48b2dd7700             Options.comparator: leveldb.InternalKeyComparator
2018/09/05-16:54:14.864814 7f48b2dd7700      Options.create_if_missing: 1
2018/09/05-16:54:14.864817 7f48b2dd7700        Options.error_if_exists: 0
2018/09/05-16:54:14.864820 7f48b2dd7700        Options.paranoid_checks: 0
2018/09/05-16:54:14.864822 7f48b2dd7700     Options.verify_compactions: 1
2018/09/05-16:54:14.864825 7f48b2dd7700                    Options.env: 0x7f48dc005df0
2018/09/05-16:54:14.864829 7f48b2dd7700               Options.info_log: 0x7f48e4004360
2018/09/05-16:54:14.864832 7f48b2dd7700      Options.write_buffer_size: 62914560
2018/09/05-16:54:14.864835 7f48b2dd7700         Options.max_open_files: 1000
2018/09/05-16:54:14.864838 7f48b2dd7700            Options.block_cache: 0x7f48e4008bf0
2018/09/05-16:54:14.864841 7f48b2dd7700             Options.block_size: 4096
2018/09/05-16:54:14.864843 7f48b2dd7700       Options.block_size_steps: 16
2018/09/05-16:54:14.864846 7f48b2dd7700 Options.block_restart_interval: 16
2018/09/05-16:54:14.864848 7f48b2dd7700            Options.compression: 2
2018/09/05-16:54:14.864851 7f48b2dd7700          Options.filter_policy: NULL
2018/09/05-16:54:14.864854 7f48b2dd7700              Options.is_repair: false
2018/09/05-16:54:14.864856 7f48b2dd7700         Options.is_internal_db: false
2018/09/05-16:54:14.864859 7f48b2dd7700      Options.total_leveldb_mem: 1253465702
2018/09/05-16:54:14.864862 7f48b2dd7700  Options.block_cache_threshold: 33554432
2018/09/05-16:54:14.864865 7f48b2dd7700  Options.limited_developer_mem: false
2018/09/05-16:54:14.864868 7f48b2dd7700              Options.mmap_size: 0
2018/09/05-16:54:14.864871 7f48b2dd7700       Options.delete_threshold: 1000
2018/09/05-16:54:14.864873 7f48b2dd7700       Options.fadvise_willneed: false
2018/09/05-16:54:14.864876 7f48b2dd7700      Options.tiered_slow_level: 0
2018/09/05-16:54:14.864879 7f48b2dd7700     Options.tiered_fast_prefix: ./work/queue/1/message2
2018/09/05-16:54:14.864882 7f48b2dd7700     Options.tiered_slow_prefix: ./work/queue/1/message2
2018/09/05-16:54:14.864884 7f48b2dd7700                         crc32c: hardware
2018/09/05-16:54:14.864887 7f48b2dd7700   Options.cache_object_warming: true
2018/09/05-16:54:14.864890 7f48b2dd7700        Options.ExpiryActivated: false
2018/09/05-16:54:14.864892 7f48b2dd7700          Options.expiry_module: NULL
2018/09/05-16:54:14.864895 7f48b2dd7700                File cache size: 0
2018/09/05-16:54:14.864898 7f48b2dd7700               Block cache size: 0
2018/09/05-16:54:14.865030 7f48b2dd7700 Recovering log #5
2018/09/05-16:54:14.867035 7f48b2dd7700 Delete type=0 #5
2018/09/05-16:54:14.867069 7f48b2dd7700 Delete type=3 #4
