2018/09/05-16:54:14.956791 7f48b65de700                        Version: develop (open source)
2018/09/05-16:54:14.956816 7f48b65de700             Options.comparator: leveldb.InternalKeyComparator
2018/09/05-16:54:14.956821 7f48b65de700      Options.create_if_missing: 1
2018/09/05-16:54:14.956824 7f48b65de700        Options.error_if_exists: 0
2018/09/05-16:54:14.956827 7f48b65de700        Options.paranoid_checks: 0
2018/09/05-16:54:14.956830 7f48b65de700     Options.verify_compactions: 1
2018/09/05-16:54:14.956833 7f48b65de700                    Options.env: 0x7f48dc005df0
2018/09/05-16:54:14.956836 7f48b65de700               Options.info_log: 0x7f48d8128b20
2018/09/05-16:54:14.956839 7f48b65de700      Options.write_buffer_size: 62914560
2018/09/05-16:54:14.956842 7f48b65de700         Options.max_open_files: 1000
2018/09/05-16:54:14.956845 7f48b65de700            Options.block_cache: 0x7f48d812a0d0
2018/09/05-16:54:14.956848 7f48b65de700             Options.block_size: 4096
2018/09/05-16:54:14.956851 7f48b65de700       Options.block_size_steps: 16
2018/09/05-16:54:14.956854 7f48b65de700 Options.block_restart_interval: 16
2018/09/05-16:54:14.956857 7f48b65de700            Options.compression: 2
2018/09/05-16:54:14.956859 7f48b65de700          Options.filter_policy: NULL
2018/09/05-16:54:14.956862 7f48b65de700              Options.is_repair: false
2018/09/05-16:54:14.956865 7f48b65de700         Options.is_internal_db: false
2018/09/05-16:54:14.956868 7f48b65de700      Options.total_leveldb_mem: 1253465702
2018/09/05-16:54:14.956871 7f48b65de700  Options.block_cache_threshold: 33554432
2018/09/05-16:54:14.956874 7f48b65de700  Options.limited_developer_mem: false
2018/09/05-16:54:14.956877 7f48b65de700              Options.mmap_size: 0
2018/09/05-16:54:14.956880 7f48b65de700       Options.delete_threshold: 1000
2018/09/05-16:54:14.956884 7f48b65de700       Options.fadvise_willneed: false
2018/09/05-16:54:14.956887 7f48b65de700      Options.tiered_slow_level: 0
2018/09/05-16:54:14.956890 7f48b65de700     Options.tiered_fast_prefix: ./work/queue/11/message2
2018/09/05-16:54:14.956893 7f48b65de700     Options.tiered_slow_prefix: ./work/queue/11/message2
2018/09/05-16:54:14.956896 7f48b65de700                         crc32c: hardware
2018/09/05-16:54:14.956899 7f48b65de700   Options.cache_object_warming: true
2018/09/05-16:54:14.956901 7f48b65de700        Options.ExpiryActivated: false
2018/09/05-16:54:14.956904 7f48b65de700          Options.expiry_module: NULL
2018/09/05-16:54:14.956907 7f48b65de700                File cache size: 0
2018/09/05-16:54:14.956910 7f48b65de700               Block cache size: 0
2018/09/05-16:54:14.957046 7f48b65de700 Recovering log #5
2018/09/05-16:54:14.958346 7f48b65de700 Delete type=0 #5
2018/09/05-16:54:14.958385 7f48b65de700 Delete type=3 #4
