2018/09/05-16:54:14.891827 7f48b65de700                        Version: develop (open source)
2018/09/05-16:54:14.891843 7f48b65de700             Options.comparator: leveldb.InternalKeyComparator
2018/09/05-16:54:14.891846 7f48b65de700      Options.create_if_missing: 1
2018/09/05-16:54:14.891848 7f48b65de700        Options.error_if_exists: 0
2018/09/05-16:54:14.891850 7f48b65de700        Options.paranoid_checks: 0
2018/09/05-16:54:14.891851 7f48b65de700     Options.verify_compactions: 1
2018/09/05-16:54:14.891853 7f48b65de700                    Options.env: 0x7f48dc005df0
2018/09/05-16:54:14.891855 7f48b65de700               Options.info_log: 0x7f48d80e1340
2018/09/05-16:54:14.891857 7f48b65de700      Options.write_buffer_size: 62914560
2018/09/05-16:54:14.891859 7f48b65de700         Options.max_open_files: 1000
2018/09/05-16:54:14.891861 7f48b65de700            Options.block_cache: 0x7f48d80e28d0
2018/09/05-16:54:14.891862 7f48b65de700             Options.block_size: 4096
2018/09/05-16:54:14.891864 7f48b65de700       Options.block_size_steps: 16
2018/09/05-16:54:14.891866 7f48b65de700 Options.block_restart_interval: 16
2018/09/05-16:54:14.891868 7f48b65de700            Options.compression: 2
2018/09/05-16:54:14.891870 7f48b65de700          Options.filter_policy: NULL
2018/09/05-16:54:14.891871 7f48b65de700              Options.is_repair: false
2018/09/05-16:54:14.891873 7f48b65de700         Options.is_internal_db: false
2018/09/05-16:54:14.891875 7f48b65de700      Options.total_leveldb_mem: 1253465702
2018/09/05-16:54:14.891877 7f48b65de700  Options.block_cache_threshold: 33554432
2018/09/05-16:54:14.891879 7f48b65de700  Options.limited_developer_mem: false
2018/09/05-16:54:14.891881 7f48b65de700              Options.mmap_size: 0
2018/09/05-16:54:14.891883 7f48b65de700       Options.delete_threshold: 1000
2018/09/05-16:54:14.891884 7f48b65de700       Options.fadvise_willneed: false
2018/09/05-16:54:14.891886 7f48b65de700      Options.tiered_slow_level: 0
2018/09/05-16:54:14.891888 7f48b65de700     Options.tiered_fast_prefix: ./work/queue/3/message3
2018/09/05-16:54:14.891890 7f48b65de700     Options.tiered_slow_prefix: ./work/queue/3/message3
2018/09/05-16:54:14.891892 7f48b65de700                         crc32c: hardware
2018/09/05-16:54:14.891894 7f48b65de700   Options.cache_object_warming: true
2018/09/05-16:54:14.891896 7f48b65de700        Options.ExpiryActivated: false
2018/09/05-16:54:14.891897 7f48b65de700          Options.expiry_module: NULL
2018/09/05-16:54:14.891899 7f48b65de700                File cache size: 0
2018/09/05-16:54:14.891901 7f48b65de700               Block cache size: 0
2018/09/05-16:54:14.891987 7f48b65de700 Recovering log #5
2018/09/05-16:54:14.893247 7f48b65de700 Delete type=0 #5
2018/09/05-16:54:14.893268 7f48b65de700 Delete type=3 #4
