2018/09/05-16:54:14.988989 7f48b65de700                        Version: develop (open source)
2018/09/05-16:54:14.989014 7f48b65de700             Options.comparator: leveldb.InternalKeyComparator
2018/09/05-16:54:14.989018 7f48b65de700      Options.create_if_missing: 1
2018/09/05-16:54:14.989020 7f48b65de700        Options.error_if_exists: 0
2018/09/05-16:54:14.989022 7f48b65de700        Options.paranoid_checks: 0
2018/09/05-16:54:14.989024 7f48b65de700     Options.verify_compactions: 1
2018/09/05-16:54:14.989025 7f48b65de700                    Options.env: 0x7f48dc005df0
2018/09/05-16:54:14.989027 7f48b65de700               Options.info_log: 0x7f48d81504b0
2018/09/05-16:54:14.989029 7f48b65de700      Options.write_buffer_size: 62914560
2018/09/05-16:54:14.989031 7f48b65de700         Options.max_open_files: 1000
2018/09/05-16:54:14.989033 7f48b65de700            Options.block_cache: 0x7f48d8151d40
2018/09/05-16:54:14.989035 7f48b65de700             Options.block_size: 4096
2018/09/05-16:54:14.989037 7f48b65de700       Options.block_size_steps: 16
2018/09/05-16:54:14.989039 7f48b65de700 Options.block_restart_interval: 16
2018/09/05-16:54:14.989041 7f48b65de700            Options.compression: 2
2018/09/05-16:54:14.989042 7f48b65de700          Options.filter_policy: NULL
2018/09/05-16:54:14.989044 7f48b65de700              Options.is_repair: false
2018/09/05-16:54:14.989046 7f48b65de700         Options.is_internal_db: false
2018/09/05-16:54:14.989048 7f48b65de700      Options.total_leveldb_mem: 1253465702
2018/09/05-16:54:14.989050 7f48b65de700  Options.block_cache_threshold: 33554432
2018/09/05-16:54:14.989052 7f48b65de700  Options.limited_developer_mem: false
2018/09/05-16:54:14.989053 7f48b65de700              Options.mmap_size: 0
2018/09/05-16:54:14.989055 7f48b65de700       Options.delete_threshold: 1000
2018/09/05-16:54:14.989057 7f48b65de700       Options.fadvise_willneed: false
2018/09/05-16:54:14.989059 7f48b65de700      Options.tiered_slow_level: 0
2018/09/05-16:54:14.989061 7f48b65de700     Options.tiered_fast_prefix: ./work/queue/12/3/message3
2018/09/05-16:54:14.989063 7f48b65de700     Options.tiered_slow_prefix: ./work/queue/12/3/message3
2018/09/05-16:54:14.989065 7f48b65de700                         crc32c: hardware
2018/09/05-16:54:14.989066 7f48b65de700   Options.cache_object_warming: true
2018/09/05-16:54:14.989068 7f48b65de700        Options.ExpiryActivated: false
2018/09/05-16:54:14.989070 7f48b65de700          Options.expiry_module: NULL
2018/09/05-16:54:14.989072 7f48b65de700                File cache size: 0
2018/09/05-16:54:14.989074 7f48b65de700               Block cache size: 0
2018/09/05-16:54:14.989181 7f48b65de700 Recovering log #5
2018/09/05-16:54:14.990998 7f48b65de700 Delete type=0 #5
2018/09/05-16:54:14.991021 7f48b65de700 Delete type=3 #4
