2018/09/05-16:54:15.049248 7f48b65de700                        Version: develop (open source)
2018/09/05-16:54:15.049271 7f48b65de700             Options.comparator: leveldb.InternalKeyComparator
2018/09/05-16:54:15.049276 7f48b65de700      Options.create_if_missing: 1
2018/09/05-16:54:15.049280 7f48b65de700        Options.error_if_exists: 0
2018/09/05-16:54:15.049282 7f48b65de700        Options.paranoid_checks: 0
2018/09/05-16:54:15.049284 7f48b65de700     Options.verify_compactions: 1
2018/09/05-16:54:15.049286 7f48b65de700                    Options.env: 0x7f48dc005df0
2018/09/05-16:54:15.049288 7f48b65de700               Options.info_log: 0x7f48d8197ef0
2018/09/05-16:54:15.049289 7f48b65de700      Options.write_buffer_size: 62914560
2018/09/05-16:54:15.049291 7f48b65de700         Options.max_open_files: 1000
2018/09/05-16:54:15.049293 7f48b65de700            Options.block_cache: 0x7f48d8199780
2018/09/05-16:54:15.049295 7f48b65de700             Options.block_size: 4096
2018/09/05-16:54:15.049297 7f48b65de700       Options.block_size_steps: 16
2018/09/05-16:54:15.049299 7f48b65de700 Options.block_restart_interval: 16
2018/09/05-16:54:15.049300 7f48b65de700            Options.compression: 2
2018/09/05-16:54:15.049302 7f48b65de700          Options.filter_policy: NULL
2018/09/05-16:54:15.049304 7f48b65de700              Options.is_repair: false
2018/09/05-16:54:15.049306 7f48b65de700         Options.is_internal_db: false
2018/09/05-16:54:15.049308 7f48b65de700      Options.total_leveldb_mem: 1253465702
2018/09/05-16:54:15.049310 7f48b65de700  Options.block_cache_threshold: 33554432
2018/09/05-16:54:15.049311 7f48b65de700  Options.limited_developer_mem: false
2018/09/05-16:54:15.049313 7f48b65de700              Options.mmap_size: 0
2018/09/05-16:54:15.049315 7f48b65de700       Options.delete_threshold: 1000
2018/09/05-16:54:15.049317 7f48b65de700       Options.fadvise_willneed: false
2018/09/05-16:54:15.049319 7f48b65de700      Options.tiered_slow_level: 0
2018/09/05-16:54:15.049320 7f48b65de700     Options.tiered_fast_prefix: ./work/queue/12/8/message3
2018/09/05-16:54:15.049322 7f48b65de700     Options.tiered_slow_prefix: ./work/queue/12/8/message3
2018/09/05-16:54:15.049324 7f48b65de700                         crc32c: hardware
2018/09/05-16:54:15.049326 7f48b65de700   Options.cache_object_warming: true
2018/09/05-16:54:15.049328 7f48b65de700        Options.ExpiryActivated: false
2018/09/05-16:54:15.049330 7f48b65de700          Options.expiry_module: NULL
2018/09/05-16:54:15.049332 7f48b65de700                File cache size: 0
2018/09/05-16:54:15.049333 7f48b65de700               Block cache size: 0
2018/09/05-16:54:15.049429 7f48b65de700 Recovering log #5
2018/09/05-16:54:15.050601 7f48b65de700 Delete type=0 #5
2018/09/05-16:54:15.050624 7f48b65de700 Delete type=3 #4
