2018/09/05-16:54:15.043291 7f48b65de700                        Version: develop (open source)
2018/09/05-16:54:15.043309 7f48b65de700             Options.comparator: leveldb.InternalKeyComparator
2018/09/05-16:54:15.043312 7f48b65de700      Options.create_if_missing: 1
2018/09/05-16:54:15.043314 7f48b65de700        Options.error_if_exists: 0
2018/09/05-16:54:15.043316 7f48b65de700        Options.paranoid_checks: 0
2018/09/05-16:54:15.043318 7f48b65de700     Options.verify_compactions: 1
2018/09/05-16:54:15.043319 7f48b65de700                    Options.env: 0x7f48dc005df0
2018/09/05-16:54:15.043321 7f48b65de700               Options.info_log: 0x7f48d818f100
2018/09/05-16:54:15.043323 7f48b65de700      Options.write_buffer_size: 62914560
2018/09/05-16:54:15.043325 7f48b65de700         Options.max_open_files: 1000
2018/09/05-16:54:15.043327 7f48b65de700            Options.block_cache: 0x7f48d8191cb0
2018/09/05-16:54:15.043329 7f48b65de700             Options.block_size: 4096
2018/09/05-16:54:15.043331 7f48b65de700       Options.block_size_steps: 16
2018/09/05-16:54:15.043332 7f48b65de700 Options.block_restart_interval: 16
2018/09/05-16:54:15.043334 7f48b65de700            Options.compression: 2
2018/09/05-16:54:15.043336 7f48b65de700          Options.filter_policy: NULL
2018/09/05-16:54:15.043338 7f48b65de700              Options.is_repair: false
2018/09/05-16:54:15.043340 7f48b65de700         Options.is_internal_db: false
2018/09/05-16:54:15.043342 7f48b65de700      Options.total_leveldb_mem: 1253465702
2018/09/05-16:54:15.043343 7f48b65de700  Options.block_cache_threshold: 33554432
2018/09/05-16:54:15.043345 7f48b65de700  Options.limited_developer_mem: false
2018/09/05-16:54:15.043347 7f48b65de700              Options.mmap_size: 0
2018/09/05-16:54:15.043349 7f48b65de700       Options.delete_threshold: 1000
2018/09/05-16:54:15.043351 7f48b65de700       Options.fadvise_willneed: false
2018/09/05-16:54:15.043353 7f48b65de700      Options.tiered_slow_level: 0
2018/09/05-16:54:15.043365 7f48b65de700     Options.tiered_fast_prefix: ./work/queue/12/7/message1
2018/09/05-16:54:15.043367 7f48b65de700     Options.tiered_slow_prefix: ./work/queue/12/7/message1
2018/09/05-16:54:15.043369 7f48b65de700                         crc32c: hardware
2018/09/05-16:54:15.043371 7f48b65de700   Options.cache_object_warming: true
2018/09/05-16:54:15.043373 7f48b65de700        Options.ExpiryActivated: false
2018/09/05-16:54:15.043375 7f48b65de700          Options.expiry_module: NULL
2018/09/05-16:54:15.043377 7f48b65de700                File cache size: 0
2018/09/05-16:54:15.043379 7f48b65de700               Block cache size: 0
2018/09/05-16:54:15.043459 7f48b65de700 Recovering log #5
2018/09/05-16:54:15.044836 7f48b65de700 Delete type=0 #5
2018/09/05-16:54:15.044858 7f48b65de700 Delete type=3 #4
