2018/09/05-16:54:15.007148 7f48b65de700                        Version: develop (open source)
2018/09/05-16:54:15.007207 7f48b65de700             Options.comparator: leveldb.InternalKeyComparator
2018/09/05-16:54:15.007218 7f48b65de700      Options.create_if_missing: 1
2018/09/05-16:54:15.007229 7f48b65de700        Options.error_if_exists: 0
2018/09/05-16:54:15.007233 7f48b65de700        Options.paranoid_checks: 0
2018/09/05-16:54:15.007235 7f48b65de700     Options.verify_compactions: 1
2018/09/05-16:54:15.007238 7f48b65de700                    Options.env: 0x7f48dc005df0
2018/09/05-16:54:15.007240 7f48b65de700               Options.info_log: 0x7f48d8164140
2018/09/05-16:54:15.007242 7f48b65de700      Options.write_buffer_size: 62914560
2018/09/05-16:54:15.007245 7f48b65de700         Options.max_open_files: 1000
2018/09/05-16:54:15.007247 7f48b65de700            Options.block_cache: 0x7f48d8166cf0
2018/09/05-16:54:15.007249 7f48b65de700             Options.block_size: 4096
2018/09/05-16:54:15.007251 7f48b65de700       Options.block_size_steps: 16
2018/09/05-16:54:15.007253 7f48b65de700 Options.block_restart_interval: 16
2018/09/05-16:54:15.007255 7f48b65de700            Options.compression: 2
2018/09/05-16:54:15.007258 7f48b65de700          Options.filter_policy: NULL
2018/09/05-16:54:15.007260 7f48b65de700              Options.is_repair: false
2018/09/05-16:54:15.007263 7f48b65de700         Options.is_internal_db: false
2018/09/05-16:54:15.007264 7f48b65de700      Options.total_leveldb_mem: 1253465702
2018/09/05-16:54:15.007267 7f48b65de700  Options.block_cache_threshold: 33554432
2018/09/05-16:54:15.007269 7f48b65de700  Options.limited_developer_mem: false
2018/09/05-16:54:15.007271 7f48b65de700              Options.mmap_size: 0
2018/09/05-16:54:15.007274 7f48b65de700       Options.delete_threshold: 1000
2018/09/05-16:54:15.007275 7f48b65de700       Options.fadvise_willneed: false
2018/09/05-16:54:15.007278 7f48b65de700      Options.tiered_slow_level: 0
2018/09/05-16:54:15.007280 7f48b65de700     Options.tiered_fast_prefix: ./work/queue/12/4/message1
2018/09/05-16:54:15.007283 7f48b65de700     Options.tiered_slow_prefix: ./work/queue/12/4/message1
2018/09/05-16:54:15.007285 7f48b65de700                         crc32c: hardware
2018/09/05-16:54:15.007287 7f48b65de700   Options.cache_object_warming: true
2018/09/05-16:54:15.007289 7f48b65de700        Options.ExpiryActivated: false
2018/09/05-16:54:15.007291 7f48b65de700          Options.expiry_module: NULL
2018/09/05-16:54:15.007295 7f48b65de700                File cache size: 0
2018/09/05-16:54:15.007297 7f48b65de700               Block cache size: 0
2018/09/05-16:54:15.007417 7f48b65de700 Recovering log #5
2018/09/05-16:54:15.009020 7f48b65de700 Delete type=0 #5
2018/09/05-16:54:15.009042 7f48b65de700 Delete type=3 #4
