2018/09/05-16:54:15.034311 7f48b65de700                        Version: develop (open source)
2018/09/05-16:54:15.034329 7f48b65de700             Options.comparator: leveldb.InternalKeyComparator
2018/09/05-16:54:15.034333 7f48b65de700      Options.create_if_missing: 1
2018/09/05-16:54:15.034335 7f48b65de700        Options.error_if_exists: 0
2018/09/05-16:54:15.034336 7f48b65de700        Options.paranoid_checks: 0
2018/09/05-16:54:15.034338 7f48b65de700     Options.verify_compactions: 1
2018/09/05-16:54:15.034340 7f48b65de700                    Options.env: 0x7f48dc005df0
2018/09/05-16:54:15.034342 7f48b65de700               Options.info_log: 0x7f48d8186070
2018/09/05-16:54:15.034344 7f48b65de700      Options.write_buffer_size: 62914560
2018/09/05-16:54:15.034346 7f48b65de700         Options.max_open_files: 1000
2018/09/05-16:54:15.034348 7f48b65de700            Options.block_cache: 0x7f48d81870c0
2018/09/05-16:54:15.034349 7f48b65de700             Options.block_size: 4096
2018/09/05-16:54:15.034351 7f48b65de700       Options.block_size_steps: 16
2018/09/05-16:54:15.034353 7f48b65de700 Options.block_restart_interval: 16
2018/09/05-16:54:15.034366 7f48b65de700            Options.compression: 2
2018/09/05-16:54:15.034368 7f48b65de700          Options.filter_policy: NULL
2018/09/05-16:54:15.034370 7f48b65de700              Options.is_repair: false
2018/09/05-16:54:15.034372 7f48b65de700         Options.is_internal_db: false
2018/09/05-16:54:15.034387 7f48b65de700      Options.total_leveldb_mem: 1253465702
2018/09/05-16:54:15.034390 7f48b65de700  Options.block_cache_threshold: 33554432
2018/09/05-16:54:15.034392 7f48b65de700  Options.limited_developer_mem: false
2018/09/05-16:54:15.034394 7f48b65de700              Options.mmap_size: 0
2018/09/05-16:54:15.034396 7f48b65de700       Options.delete_threshold: 1000
2018/09/05-16:54:15.034398 7f48b65de700       Options.fadvise_willneed: false
2018/09/05-16:54:15.034400 7f48b65de700      Options.tiered_slow_level: 0
2018/09/05-16:54:15.034401 7f48b65de700     Options.tiered_fast_prefix: ./work/queue/12/6/message0
2018/09/05-16:54:15.034403 7f48b65de700     Options.tiered_slow_prefix: ./work/queue/12/6/message0
2018/09/05-16:54:15.034405 7f48b65de700                         crc32c: hardware
2018/09/05-16:54:15.034407 7f48b65de700   Options.cache_object_warming: true
2018/09/05-16:54:15.034409 7f48b65de700        Options.ExpiryActivated: false
2018/09/05-16:54:15.034418 7f48b65de700          Options.expiry_module: NULL
2018/09/05-16:54:15.034420 7f48b65de700                File cache size: 0
2018/09/05-16:54:15.034422 7f48b65de700               Block cache size: 0
2018/09/05-16:54:15.034526 7f48b65de700 Recovering log #5
2018/09/05-16:54:15.035785 7f48b65de700 Delete type=0 #5
2018/09/05-16:54:15.035806 7f48b65de700 Delete type=3 #4
