2018/09/05-16:54:14.925213 7f48b65de700                        Version: develop (open source)
2018/09/05-16:54:14.925231 7f48b65de700             Options.comparator: leveldb.InternalKeyComparator
2018/09/05-16:54:14.925234 7f48b65de700      Options.create_if_missing: 1
2018/09/05-16:54:14.925236 7f48b65de700        Options.error_if_exists: 0
2018/09/05-16:54:14.925238 7f48b65de700        Options.paranoid_checks: 0
2018/09/05-16:54:14.925240 7f48b65de700     Options.verify_compactions: 1
2018/09/05-16:54:14.925241 7f48b65de700                    Options.env: 0x7f48dc005df0
2018/09/05-16:54:14.925243 7f48b65de700               Options.info_log: 0x7f48d8108850
2018/09/05-16:54:14.925245 7f48b65de700      Options.write_buffer_size: 62914560
2018/09/05-16:54:14.925247 7f48b65de700         Options.max_open_files: 1000
2018/09/05-16:54:14.925249 7f48b65de700            Options.block_cache: 0x7f48d8109de0
2018/09/05-16:54:14.925251 7f48b65de700             Options.block_size: 4096
2018/09/05-16:54:14.925253 7f48b65de700       Options.block_size_steps: 16
2018/09/05-16:54:14.925254 7f48b65de700 Options.block_restart_interval: 16
2018/09/05-16:54:14.925256 7f48b65de700            Options.compression: 2
2018/09/05-16:54:14.925258 7f48b65de700          Options.filter_policy: NULL
2018/09/05-16:54:14.925260 7f48b65de700              Options.is_repair: false
2018/09/05-16:54:14.925262 7f48b65de700         Options.is_internal_db: false
2018/09/05-16:54:14.925263 7f48b65de700      Options.total_leveldb_mem: 1253465702
2018/09/05-16:54:14.925265 7f48b65de700  Options.block_cache_threshold: 33554432
2018/09/05-16:54:14.925267 7f48b65de700  Options.limited_developer_mem: false
2018/09/05-16:54:14.925269 7f48b65de700              Options.mmap_size: 0
2018/09/05-16:54:14.925271 7f48b65de700       Options.delete_threshold: 1000
2018/09/05-16:54:14.925273 7f48b65de700       Options.fadvise_willneed: false
2018/09/05-16:54:14.925274 7f48b65de700      Options.tiered_slow_level: 0
2018/09/05-16:54:14.925276 7f48b65de700     Options.tiered_fast_prefix: ./work/queue/5/message0
2018/09/05-16:54:14.925278 7f48b65de700     Options.tiered_slow_prefix: ./work/queue/5/message0
2018/09/05-16:54:14.925280 7f48b65de700                         crc32c: hardware
2018/09/05-16:54:14.925282 7f48b65de700   Options.cache_object_warming: true
2018/09/05-16:54:14.925284 7f48b65de700        Options.ExpiryActivated: false
2018/09/05-16:54:14.925285 7f48b65de700          Options.expiry_module: NULL
2018/09/05-16:54:14.925287 7f48b65de700                File cache size: 0
2018/09/05-16:54:14.925289 7f48b65de700               Block cache size: 0
2018/09/05-16:54:14.925388 7f48b65de700 Recovering log #5
2018/09/05-16:54:14.926793 7f48b65de700 Delete type=0 #5
2018/09/05-16:54:14.926815 7f48b65de700 Delete type=3 #4
