2018/09/05-16:54:14.911340 7f48b65de700                        Version: develop (open source)
2018/09/05-16:54:14.911377 7f48b65de700             Options.comparator: leveldb.InternalKeyComparator
2018/09/05-16:54:14.911385 7f48b65de700      Options.create_if_missing: 1
2018/09/05-16:54:14.911389 7f48b65de700        Options.error_if_exists: 0
2018/09/05-16:54:14.911391 7f48b65de700        Options.paranoid_checks: 0
2018/09/05-16:54:14.911393 7f48b65de700     Options.verify_compactions: 1
2018/09/05-16:54:14.911395 7f48b65de700                    Options.env: 0x7f48dc005df0
2018/09/05-16:54:14.911397 7f48b65de700               Options.info_log: 0x7f48d80fa390
2018/09/05-16:54:14.911399 7f48b65de700      Options.write_buffer_size: 62914560
2018/09/05-16:54:14.911401 7f48b65de700         Options.max_open_files: 1000
2018/09/05-16:54:14.911403 7f48b65de700            Options.block_cache: 0x7f48d80fb920
2018/09/05-16:54:14.911405 7f48b65de700             Options.block_size: 4096
2018/09/05-16:54:14.911406 7f48b65de700       Options.block_size_steps: 16
2018/09/05-16:54:14.911408 7f48b65de700 Options.block_restart_interval: 16
2018/09/05-16:54:14.911410 7f48b65de700            Options.compression: 2
2018/09/05-16:54:14.911412 7f48b65de700          Options.filter_policy: NULL
2018/09/05-16:54:14.911414 7f48b65de700              Options.is_repair: false
2018/09/05-16:54:14.911416 7f48b65de700         Options.is_internal_db: false
2018/09/05-16:54:14.911417 7f48b65de700      Options.total_leveldb_mem: 1253465702
2018/09/05-16:54:14.911419 7f48b65de700  Options.block_cache_threshold: 33554432
2018/09/05-16:54:14.911421 7f48b65de700  Options.limited_developer_mem: false
2018/09/05-16:54:14.911423 7f48b65de700              Options.mmap_size: 0
2018/09/05-16:54:14.911425 7f48b65de700       Options.delete_threshold: 1000
2018/09/05-16:54:14.911428 7f48b65de700       Options.fadvise_willneed: false
2018/09/05-16:54:14.911431 7f48b65de700      Options.tiered_slow_level: 0
2018/09/05-16:54:14.911434 7f48b65de700     Options.tiered_fast_prefix: ./work/queue/4/message0
2018/09/05-16:54:14.911437 7f48b65de700     Options.tiered_slow_prefix: ./work/queue/4/message0
2018/09/05-16:54:14.911440 7f48b65de700                         crc32c: hardware
2018/09/05-16:54:14.911443 7f48b65de700   Options.cache_object_warming: true
2018/09/05-16:54:14.911446 7f48b65de700        Options.ExpiryActivated: false
2018/09/05-16:54:14.911449 7f48b65de700          Options.expiry_module: NULL
2018/09/05-16:54:14.911452 7f48b65de700                File cache size: 0
2018/09/05-16:54:14.911455 7f48b65de700               Block cache size: 0
2018/09/05-16:54:14.911570 7f48b65de700 Recovering log #5
2018/09/05-16:54:14.912990 7f48b65de700 Delete type=0 #5
2018/09/05-16:54:14.913031 7f48b65de700 Delete type=3 #4
