2018/09/05-16:54:14.936160 7f48b65de700                        Version: develop (open source)
2018/09/05-16:54:14.936178 7f48b65de700             Options.comparator: leveldb.InternalKeyComparator
2018/09/05-16:54:14.936181 7f48b65de700      Options.create_if_missing: 1
2018/09/05-16:54:14.936183 7f48b65de700        Options.error_if_exists: 0
2018/09/05-16:54:14.936185 7f48b65de700        Options.paranoid_checks: 0
2018/09/05-16:54:14.936186 7f48b65de700     Options.verify_compactions: 1
2018/09/05-16:54:14.936188 7f48b65de700                    Options.env: 0x7f48dc005df0
2018/09/05-16:54:14.936190 7f48b65de700               Options.info_log: 0x7f48d81133e0
2018/09/05-16:54:14.936192 7f48b65de700      Options.write_buffer_size: 62914560
2018/09/05-16:54:14.936194 7f48b65de700         Options.max_open_files: 1000
2018/09/05-16:54:14.936196 7f48b65de700            Options.block_cache: 0x7f48d8114970
2018/09/05-16:54:14.936198 7f48b65de700             Options.block_size: 4096
2018/09/05-16:54:14.936199 7f48b65de700       Options.block_size_steps: 16
2018/09/05-16:54:14.936201 7f48b65de700 Options.block_restart_interval: 16
2018/09/05-16:54:14.936203 7f48b65de700            Options.compression: 2
2018/09/05-16:54:14.936205 7f48b65de700          Options.filter_policy: NULL
2018/09/05-16:54:14.936207 7f48b65de700              Options.is_repair: false
2018/09/05-16:54:14.936209 7f48b65de700         Options.is_internal_db: false
2018/09/05-16:54:14.936210 7f48b65de700      Options.total_leveldb_mem: 1253465702
2018/09/05-16:54:14.936212 7f48b65de700  Options.block_cache_threshold: 33554432
2018/09/05-16:54:14.936214 7f48b65de700  Options.limited_developer_mem: false
2018/09/05-16:54:14.936216 7f48b65de700              Options.mmap_size: 0
2018/09/05-16:54:14.936218 7f48b65de700       Options.delete_threshold: 1000
2018/09/05-16:54:14.936220 7f48b65de700       Options.fadvise_willneed: false
2018/09/05-16:54:14.936221 7f48b65de700      Options.tiered_slow_level: 0
2018/09/05-16:54:14.936223 7f48b65de700     Options.tiered_fast_prefix: ./work/queue/6/message1
2018/09/05-16:54:14.936225 7f48b65de700     Options.tiered_slow_prefix: ./work/queue/6/message1
2018/09/05-16:54:14.936227 7f48b65de700                         crc32c: hardware
2018/09/05-16:54:14.936229 7f48b65de700   Options.cache_object_warming: true
2018/09/05-16:54:14.936230 7f48b65de700        Options.ExpiryActivated: false
2018/09/05-16:54:14.936232 7f48b65de700          Options.expiry_module: NULL
2018/09/05-16:54:14.936234 7f48b65de700                File cache size: 0
2018/09/05-16:54:14.936236 7f48b65de700               Block cache size: 0
2018/09/05-16:54:14.936328 7f48b65de700 Recovering log #5
2018/09/05-16:54:14.937642 7f48b65de700 Delete type=0 #5
2018/09/05-16:54:14.937673 7f48b65de700 Delete type=3 #4
