2018/09/05-16:54:14.870928 7f48b65de700                        Version: develop (open source)
2018/09/05-16:54:14.870948 7f48b65de700             Options.comparator: leveldb.InternalKeyComparator
2018/09/05-16:54:14.870952 7f48b65de700      Options.create_if_missing: 1
2018/09/05-16:54:14.870954 7f48b65de700        Options.error_if_exists: 0
2018/09/05-16:54:14.870956 7f48b65de700        Options.paranoid_checks: 0
2018/09/05-16:54:14.870958 7f48b65de700     Options.verify_compactions: 1
2018/09/05-16:54:14.870959 7f48b65de700                    Options.env: 0x7f48dc005df0
2018/09/05-16:54:14.870961 7f48b65de700               Options.info_log: 0x7f48d80cf5a0
2018/09/05-16:54:14.870963 7f48b65de700      Options.write_buffer_size: 62914560
2018/09/05-16:54:14.870965 7f48b65de700         Options.max_open_files: 1000
2018/09/05-16:54:14.870967 7f48b65de700            Options.block_cache: 0x7f48d80d0ae0
2018/09/05-16:54:14.870969 7f48b65de700             Options.block_size: 4096
2018/09/05-16:54:14.870972 7f48b65de700       Options.block_size_steps: 16
2018/09/05-16:54:14.870975 7f48b65de700 Options.block_restart_interval: 16
2018/09/05-16:54:14.870977 7f48b65de700            Options.compression: 2
2018/09/05-16:54:14.870980 7f48b65de700          Options.filter_policy: NULL
2018/09/05-16:54:14.870983 7f48b65de700              Options.is_repair: false
2018/09/05-16:54:14.870986 7f48b65de700         Options.is_internal_db: false
2018/09/05-16:54:14.870989 7f48b65de700      Options.total_leveldb_mem: 1253465702
2018/09/05-16:54:14.870992 7f48b65de700  Options.block_cache_threshold: 33554432
2018/09/05-16:54:14.870995 7f48b65de700  Options.limited_developer_mem: false
2018/09/05-16:54:14.870998 7f48b65de700              Options.mmap_size: 0
2018/09/05-16:54:14.871001 7f48b65de700       Options.delete_threshold: 1000
2018/09/05-16:54:14.871004 7f48b65de700       Options.fadvise_willneed: false
2018/09/05-16:54:14.871007 7f48b65de700      Options.tiered_slow_level: 0
2018/09/05-16:54:14.871010 7f48b65de700     Options.tiered_fast_prefix: ./work/queue/1/message0
2018/09/05-16:54:14.871014 7f48b65de700     Options.tiered_slow_prefix: ./work/queue/1/message0
2018/09/05-16:54:14.871016 7f48b65de700                         crc32c: hardware
2018/09/05-16:54:14.871019 7f48b65de700   Options.cache_object_warming: true
2018/09/05-16:54:14.871022 7f48b65de700        Options.ExpiryActivated: false
2018/09/05-16:54:14.871025 7f48b65de700          Options.expiry_module: NULL
2018/09/05-16:54:14.871028 7f48b65de700                File cache size: 0
2018/09/05-16:54:14.871031 7f48b65de700               Block cache size: 0
2018/09/05-16:54:14.871128 7f48b65de700 Recovering log #5
2018/09/05-16:54:14.873079 7f48b65de700 Delete type=0 #5
2018/09/05-16:54:14.873104 7f48b65de700 Delete type=3 #4
