2018/09/05-16:54:14.849220 7f48b2dd7700                        Version: develop (open source)
2018/09/05-16:54:14.849242 7f48b2dd7700             Options.comparator: leveldb.InternalKeyComparator
2018/09/05-16:54:14.849245 7f48b2dd7700      Options.create_if_missing: 1
2018/09/05-16:54:14.849247 7f48b2dd7700        Options.error_if_exists: 0
2018/09/05-16:54:14.849249 7f48b2dd7700        Options.paranoid_checks: 0
2018/09/05-16:54:14.849251 7f48b2dd7700     Options.verify_compactions: 1
2018/09/05-16:54:14.849253 7f48b2dd7700                    Options.env: 0x7f48dc005df0
2018/09/05-16:54:14.849255 7f48b2dd7700               Options.info_log: 0x7f48e40027f0
2018/09/05-16:54:14.849256 7f48b2dd7700      Options.write_buffer_size: 62914560
2018/09/05-16:54:14.849258 7f48b2dd7700         Options.max_open_files: 1000
2018/09/05-16:54:14.849260 7f48b2dd7700            Options.block_cache: 0x7f48e4001880
2018/09/05-16:54:14.849262 7f48b2dd7700             Options.block_size: 4096
2018/09/05-16:54:14.849264 7f48b2dd7700       Options.block_size_steps: 16
2018/09/05-16:54:14.849266 7f48b2dd7700 Options.block_restart_interval: 16
2018/09/05-16:54:14.849268 7f48b2dd7700            Options.compression: 2
2018/09/05-16:54:14.849269 7f48b2dd7700          Options.filter_policy: NULL
2018/09/05-16:54:14.849271 7f48b2dd7700              Options.is_repair: false
2018/09/05-16:54:14.849273 7f48b2dd7700         Options.is_internal_db: false
2018/09/05-16:54:14.849275 7f48b2dd7700      Options.total_leveldb_mem: 1253465702
2018/09/05-16:54:14.849277 7f48b2dd7700  Options.block_cache_threshold: 33554432
2018/09/05-16:54:14.849279 7f48b2dd7700  Options.limited_developer_mem: false
2018/09/05-16:54:14.849280 7f48b2dd7700              Options.mmap_size: 0
2018/09/05-16:54:14.849282 7f48b2dd7700       Options.delete_threshold: 1000
2018/09/05-16:54:14.849284 7f48b2dd7700       Options.fadvise_willneed: false
2018/09/05-16:54:14.849286 7f48b2dd7700      Options.tiered_slow_level: 0
2018/09/05-16:54:14.849288 7f48b2dd7700     Options.tiered_fast_prefix: ./work/queue/membership/message1
2018/09/05-16:54:14.849289 7f48b2dd7700     Options.tiered_slow_prefix: ./work/queue/membership/message1
2018/09/05-16:54:14.849291 7f48b2dd7700                         crc32c: hardware
2018/09/05-16:54:14.849293 7f48b2dd7700   Options.cache_object_warming: true
2018/09/05-16:54:14.849295 7f48b2dd7700        Options.ExpiryActivated: false
2018/09/05-16:54:14.849297 7f48b2dd7700          Options.expiry_module: NULL
2018/09/05-16:54:14.849298 7f48b2dd7700                File cache size: 0
2018/09/05-16:54:14.849300 7f48b2dd7700               Block cache size: 0
2018/09/05-16:54:14.849403 7f48b2dd7700 Recovering log #5
2018/09/05-16:54:14.850919 7f48b2dd7700 Delete type=0 #5
2018/09/05-16:54:14.850950 7f48b2dd7700 Delete type=3 #4
