2018/09/05-16:54:14.959725 7f48b65de700                        Version: develop (open source)
2018/09/05-16:54:14.959751 7f48b65de700             Options.comparator: leveldb.InternalKeyComparator
2018/09/05-16:54:14.959757 7f48b65de700      Options.create_if_missing: 1
2018/09/05-16:54:14.959760 7f48b65de700        Options.error_if_exists: 0
2018/09/05-16:54:14.959763 7f48b65de700        Options.paranoid_checks: 0
2018/09/05-16:54:14.959766 7f48b65de700     Options.verify_compactions: 1
2018/09/05-16:54:14.959769 7f48b65de700                    Options.env: 0x7f48dc005df0
2018/09/05-16:54:14.959771 7f48b65de700               Options.info_log: 0x7f48d812ac40
2018/09/05-16:54:14.959774 7f48b65de700      Options.write_buffer_size: 62914560
2018/09/05-16:54:14.959778 7f48b65de700         Options.max_open_files: 1000
2018/09/05-16:54:14.959781 7f48b65de700            Options.block_cache: 0x7f48d812d7f0
2018/09/05-16:54:14.959784 7f48b65de700             Options.block_size: 4096
2018/09/05-16:54:14.959786 7f48b65de700       Options.block_size_steps: 16
2018/09/05-16:54:14.959789 7f48b65de700 Options.block_restart_interval: 16
2018/09/05-16:54:14.959792 7f48b65de700            Options.compression: 2
2018/09/05-16:54:14.959795 7f48b65de700          Options.filter_policy: NULL
2018/09/05-16:54:14.959798 7f48b65de700              Options.is_repair: false
2018/09/05-16:54:14.959801 7f48b65de700         Options.is_internal_db: false
2018/09/05-16:54:14.959807 7f48b65de700      Options.total_leveldb_mem: 1253465702
2018/09/05-16:54:14.959812 7f48b65de700  Options.block_cache_threshold: 33554432
2018/09/05-16:54:14.959816 7f48b65de700  Options.limited_developer_mem: false
2018/09/05-16:54:14.959819 7f48b65de700              Options.mmap_size: 0
2018/09/05-16:54:14.959822 7f48b65de700       Options.delete_threshold: 1000
2018/09/05-16:54:14.959828 7f48b65de700       Options.fadvise_willneed: false
2018/09/05-16:54:14.959831 7f48b65de700      Options.tiered_slow_level: 0
2018/09/05-16:54:14.959834 7f48b65de700     Options.tiered_fast_prefix: ./work/queue/11/message1
2018/09/05-16:54:14.959838 7f48b65de700     Options.tiered_slow_prefix: ./work/queue/11/message1
2018/09/05-16:54:14.959840 7f48b65de700                         crc32c: hardware
2018/09/05-16:54:14.959841 7f48b65de700   Options.cache_object_warming: true
2018/09/05-16:54:14.959843 7f48b65de700        Options.ExpiryActivated: false
2018/09/05-16:54:14.959845 7f48b65de700          Options.expiry_module: NULL
2018/09/05-16:54:14.959847 7f48b65de700                File cache size: 0
2018/09/05-16:54:14.959849 7f48b65de700               Block cache size: 0
2018/09/05-16:54:14.959946 7f48b65de700 Recovering log #5
2018/09/05-16:54:14.961422 7f48b65de700 Delete type=0 #5
2018/09/05-16:54:14.961449 7f48b65de700 Delete type=3 #4
