2018/09/05-16:54:15.045807 7f48b65de700                        Version: develop (open source)
2018/09/05-16:54:15.045825 7f48b65de700             Options.comparator: leveldb.InternalKeyComparator
2018/09/05-16:54:15.045828 7f48b65de700      Options.create_if_missing: 1
2018/09/05-16:54:15.045830 7f48b65de700        Options.error_if_exists: 0
2018/09/05-16:54:15.045832 7f48b65de700        Options.paranoid_checks: 0
2018/09/05-16:54:15.045834 7f48b65de700     Options.verify_compactions: 1
2018/09/05-16:54:15.045835 7f48b65de700                    Options.env: 0x7f48dc005df0
2018/09/05-16:54:15.045837 7f48b65de700               Options.info_log: 0x7f48d81945b0
2018/09/05-16:54:15.045839 7f48b65de700      Options.write_buffer_size: 62914560
2018/09/05-16:54:15.045841 7f48b65de700         Options.max_open_files: 1000
2018/09/05-16:54:15.045843 7f48b65de700            Options.block_cache: 0x7f48d8195600
2018/09/05-16:54:15.045845 7f48b65de700             Options.block_size: 4096
2018/09/05-16:54:15.045847 7f48b65de700       Options.block_size_steps: 16
2018/09/05-16:54:15.045848 7f48b65de700 Options.block_restart_interval: 16
2018/09/05-16:54:15.045850 7f48b65de700            Options.compression: 2
2018/09/05-16:54:15.045852 7f48b65de700          Options.filter_policy: NULL
2018/09/05-16:54:15.045854 7f48b65de700              Options.is_repair: false
2018/09/05-16:54:15.045856 7f48b65de700         Options.is_internal_db: false
2018/09/05-16:54:15.045858 7f48b65de700      Options.total_leveldb_mem: 1253465702
2018/09/05-16:54:15.045859 7f48b65de700  Options.block_cache_threshold: 33554432
2018/09/05-16:54:15.045861 7f48b65de700  Options.limited_developer_mem: false
2018/09/05-16:54:15.045863 7f48b65de700              Options.mmap_size: 0
2018/09/05-16:54:15.045865 7f48b65de700       Options.delete_threshold: 1000
2018/09/05-16:54:15.045867 7f48b65de700       Options.fadvise_willneed: false
2018/09/05-16:54:15.045868 7f48b65de700      Options.tiered_slow_level: 0
2018/09/05-16:54:15.045870 7f48b65de700     Options.tiered_fast_prefix: ./work/queue/12/7/message0
2018/09/05-16:54:15.045872 7f48b65de700     Options.tiered_slow_prefix: ./work/queue/12/7/message0
2018/09/05-16:54:15.045874 7f48b65de700                         crc32c: hardware
2018/09/05-16:54:15.045876 7f48b65de700   Options.cache_object_warming: true
2018/09/05-16:54:15.045877 7f48b65de700        Options.ExpiryActivated: false
2018/09/05-16:54:15.045879 7f48b65de700          Options.expiry_module: NULL
2018/09/05-16:54:15.045881 7f48b65de700                File cache size: 0
2018/09/05-16:54:15.045883 7f48b65de700               Block cache size: 0
2018/09/05-16:54:15.045963 7f48b65de700 Recovering log #5
2018/09/05-16:54:15.047169 7f48b65de700 Delete type=0 #5
2018/09/05-16:54:15.047190 7f48b65de700 Delete type=3 #4
