2018/09/05-16:54:14.921720 7f48b65de700                        Version: develop (open source)
2018/09/05-16:54:14.921737 7f48b65de700             Options.comparator: leveldb.InternalKeyComparator
2018/09/05-16:54:14.921741 7f48b65de700      Options.create_if_missing: 1
2018/09/05-16:54:14.921742 7f48b65de700        Options.error_if_exists: 0
2018/09/05-16:54:14.921744 7f48b65de700        Options.paranoid_checks: 0
2018/09/05-16:54:14.921746 7f48b65de700     Options.verify_compactions: 1
2018/09/05-16:54:14.921748 7f48b65de700                    Options.env: 0x7f48dc005df0
2018/09/05-16:54:14.921750 7f48b65de700               Options.info_log: 0x7f48d8104f20
2018/09/05-16:54:14.921752 7f48b65de700      Options.write_buffer_size: 62914560
2018/09/05-16:54:14.921754 7f48b65de700         Options.max_open_files: 1000
2018/09/05-16:54:14.921756 7f48b65de700            Options.block_cache: 0x7f48d81064b0
2018/09/05-16:54:14.921757 7f48b65de700             Options.block_size: 4096
2018/09/05-16:54:14.921759 7f48b65de700       Options.block_size_steps: 16
2018/09/05-16:54:14.921761 7f48b65de700 Options.block_restart_interval: 16
2018/09/05-16:54:14.921763 7f48b65de700            Options.compression: 2
2018/09/05-16:54:14.921765 7f48b65de700          Options.filter_policy: NULL
2018/09/05-16:54:14.921766 7f48b65de700              Options.is_repair: false
2018/09/05-16:54:14.921768 7f48b65de700         Options.is_internal_db: false
2018/09/05-16:54:14.921770 7f48b65de700      Options.total_leveldb_mem: 1253465702
2018/09/05-16:54:14.921772 7f48b65de700  Options.block_cache_threshold: 33554432
2018/09/05-16:54:14.921774 7f48b65de700  Options.limited_developer_mem: false
2018/09/05-16:54:14.921776 7f48b65de700              Options.mmap_size: 0
2018/09/05-16:54:14.921778 7f48b65de700       Options.delete_threshold: 1000
2018/09/05-16:54:14.921780 7f48b65de700       Options.fadvise_willneed: false
2018/09/05-16:54:14.921782 7f48b65de700      Options.tiered_slow_level: 0
2018/09/05-16:54:14.921783 7f48b65de700     Options.tiered_fast_prefix: ./work/queue/5/message1
2018/09/05-16:54:14.921785 7f48b65de700     Options.tiered_slow_prefix: ./work/queue/5/message1
2018/09/05-16:54:14.921787 7f48b65de700                         crc32c: hardware
2018/09/05-16:54:14.921789 7f48b65de700   Options.cache_object_warming: true
2018/09/05-16:54:14.921791 7f48b65de700        Options.ExpiryActivated: false
2018/09/05-16:54:14.921793 7f48b65de700          Options.expiry_module: NULL
2018/09/05-16:54:14.921794 7f48b65de700                File cache size: 0
2018/09/05-16:54:14.921796 7f48b65de700               Block cache size: 0
2018/09/05-16:54:14.921895 7f48b65de700 Recovering log #5
2018/09/05-16:54:14.924162 7f48b65de700 Delete type=0 #5
2018/09/05-16:54:14.924200 7f48b65de700 Delete type=3 #4
