2018/09/05-16:54:15.055113 7f48b65de700                        Version: develop (open source)
2018/09/05-16:54:15.055138 7f48b65de700             Options.comparator: leveldb.InternalKeyComparator
2018/09/05-16:54:15.055141 7f48b65de700      Options.create_if_missing: 1
2018/09/05-16:54:15.055143 7f48b65de700        Options.error_if_exists: 0
2018/09/05-16:54:15.055145 7f48b65de700        Options.paranoid_checks: 0
2018/09/05-16:54:15.055147 7f48b65de700     Options.verify_compactions: 1
2018/09/05-16:54:15.055148 7f48b65de700                    Options.env: 0x7f48dc005df0
2018/09/05-16:54:15.055150 7f48b65de700               Options.info_log: 0x7f48d819d640
2018/09/05-16:54:15.055152 7f48b65de700      Options.write_buffer_size: 62914560
2018/09/05-16:54:15.055154 7f48b65de700         Options.max_open_files: 1000
2018/09/05-16:54:15.055156 7f48b65de700            Options.block_cache: 0x7f48d81a01f0
2018/09/05-16:54:15.055158 7f48b65de700             Options.block_size: 4096
2018/09/05-16:54:15.055160 7f48b65de700       Options.block_size_steps: 16
2018/09/05-16:54:15.055161 7f48b65de700 Options.block_restart_interval: 16
2018/09/05-16:54:15.055163 7f48b65de700            Options.compression: 2
2018/09/05-16:54:15.055165 7f48b65de700          Options.filter_policy: NULL
2018/09/05-16:54:15.055167 7f48b65de700              Options.is_repair: false
2018/09/05-16:54:15.055169 7f48b65de700         Options.is_internal_db: false
2018/09/05-16:54:15.055172 7f48b65de700      Options.total_leveldb_mem: 1253465702
2018/09/05-16:54:15.055175 7f48b65de700  Options.block_cache_threshold: 33554432
2018/09/05-16:54:15.055181 7f48b65de700  Options.limited_developer_mem: false
2018/09/05-16:54:15.055184 7f48b65de700              Options.mmap_size: 0
2018/09/05-16:54:15.055187 7f48b65de700       Options.delete_threshold: 1000
2018/09/05-16:54:15.055190 7f48b65de700       Options.fadvise_willneed: false
2018/09/05-16:54:15.055192 7f48b65de700      Options.tiered_slow_level: 0
2018/09/05-16:54:15.055195 7f48b65de700     Options.tiered_fast_prefix: ./work/queue/12/8/message1
2018/09/05-16:54:15.055199 7f48b65de700     Options.tiered_slow_prefix: ./work/queue/12/8/message1
2018/09/05-16:54:15.055202 7f48b65de700                         crc32c: hardware
2018/09/05-16:54:15.055205 7f48b65de700   Options.cache_object_warming: true
2018/09/05-16:54:15.055207 7f48b65de700        Options.ExpiryActivated: false
2018/09/05-16:54:15.055210 7f48b65de700          Options.expiry_module: NULL
2018/09/05-16:54:15.055213 7f48b65de700                File cache size: 0
2018/09/05-16:54:15.055217 7f48b65de700               Block cache size: 0
2018/09/05-16:54:15.055318 7f48b65de700 Recovering log #5
2018/09/05-16:54:15.056559 7f48b65de700 Delete type=0 #5
2018/09/05-16:54:15.056584 7f48b65de700 Delete type=3 #4
