2018/09/05-16:54:14.994806 7f48b65de700                        Version: develop (open source)
2018/09/05-16:54:14.994825 7f48b65de700             Options.comparator: leveldb.InternalKeyComparator
2018/09/05-16:54:14.994828 7f48b65de700      Options.create_if_missing: 1
2018/09/05-16:54:14.994830 7f48b65de700        Options.error_if_exists: 0
2018/09/05-16:54:14.994832 7f48b65de700        Options.paranoid_checks: 0
2018/09/05-16:54:14.994834 7f48b65de700     Options.verify_compactions: 1
2018/09/05-16:54:14.994835 7f48b65de700                    Options.env: 0x7f48dc005df0
2018/09/05-16:54:14.994837 7f48b65de700               Options.info_log: 0x7f48d8155c00
2018/09/05-16:54:14.994839 7f48b65de700      Options.write_buffer_size: 62914560
2018/09/05-16:54:14.994841 7f48b65de700         Options.max_open_files: 1000
2018/09/05-16:54:14.994843 7f48b65de700            Options.block_cache: 0x7f48d81587b0
2018/09/05-16:54:14.994845 7f48b65de700             Options.block_size: 4096
2018/09/05-16:54:14.994847 7f48b65de700       Options.block_size_steps: 16
2018/09/05-16:54:14.994849 7f48b65de700 Options.block_restart_interval: 16
2018/09/05-16:54:14.994850 7f48b65de700            Options.compression: 2
2018/09/05-16:54:14.994852 7f48b65de700          Options.filter_policy: NULL
2018/09/05-16:54:14.994854 7f48b65de700              Options.is_repair: false
2018/09/05-16:54:14.994857 7f48b65de700         Options.is_internal_db: false
2018/09/05-16:54:14.994859 7f48b65de700      Options.total_leveldb_mem: 1253465702
2018/09/05-16:54:14.994861 7f48b65de700  Options.block_cache_threshold: 33554432
2018/09/05-16:54:14.994862 7f48b65de700  Options.limited_developer_mem: false
2018/09/05-16:54:14.994864 7f48b65de700              Options.mmap_size: 0
2018/09/05-16:54:14.994866 7f48b65de700       Options.delete_threshold: 1000
2018/09/05-16:54:14.994868 7f48b65de700       Options.fadvise_willneed: false
2018/09/05-16:54:14.994870 7f48b65de700      Options.tiered_slow_level: 0
2018/09/05-16:54:14.994871 7f48b65de700     Options.tiered_fast_prefix: ./work/queue/12/3/message1
2018/09/05-16:54:14.994873 7f48b65de700     Options.tiered_slow_prefix: ./work/queue/12/3/message1
2018/09/05-16:54:14.994875 7f48b65de700                         crc32c: hardware
2018/09/05-16:54:14.994877 7f48b65de700   Options.cache_object_warming: true
2018/09/05-16:54:14.994879 7f48b65de700        Options.ExpiryActivated: false
2018/09/05-16:54:14.994881 7f48b65de700          Options.expiry_module: NULL
2018/09/05-16:54:14.994882 7f48b65de700                File cache size: 0
2018/09/05-16:54:14.994884 7f48b65de700               Block cache size: 0
2018/09/05-16:54:14.994965 7f48b65de700 Recovering log #5
2018/09/05-16:54:14.996415 7f48b65de700 Delete type=0 #5
2018/09/05-16:54:14.996437 7f48b65de700 Delete type=3 #4
